1.000000000000000021e-02 4.794312075051422539e+01 4.794312075051422872e-01
3.111111111111111022e-02 7.046385390838240426e+01 7.046385390838240115e-01
5.222222222222221849e-02 3.562300021031273189e+01 3.562300021031273300e-01
7.333333333333333370e-02 1.586848341403908691e+01 1.586848341403908624e-01
9.444444444444445586e-02 8.702090938470773196e+00 8.702090938470773140e-02
1.155555555555555641e-01 5.561424191637691195e+00 5.561424191637691361e-02
1.366666666666666585e-01 3.927586374008904979e+00 3.927586374008905368e-02
1.577777777777778223e-01 2.967478989352053897e+00 2.967478989352053884e-02
1.788888888888889028e-01 2.351849364461141789e+00 2.351849364461141775e-02
2.000000000000000389e-01 1.930786135834767991e+00 1.930786135834768047e-02
