# 
# Momentum (MeV) | E_r (MeV) | gamma_d^2 (MeV) | gamma_n^2 (MeV) | S factor (MeV b)
# 
5.220221935300373595e+00 6.027000000000000413e-02 4.188000000000000611e+00 4.675650000000000084e-01 2.918899722715589462e+01
1.635205276859636569e+01 1.362999999999999975e-02 2.987999999999999989e+00 3.797409999999999952e-01 6.236121602801667052e+00
1.882213357480109295e+01 1.069099999999999911e-01 1.459999999999999964e+00 1.821369999999999933e-01 5.484208644343609329e+00
2.066646057676729242e+01 4.531000000000000305e-02 1.155999999999999917e+00 9.231699999999999628e-02 2.929456472913503084e+00
7.986712438249673696e+00 8.534999999999999531e-02 2.500000000000000000e+00 1.192630000000000079e-01 2.474314966669597737e+01
1.223525142492181139e+01 2.154999999999999971e-02 3.620000000000000107e+00 2.460090000000000054e-01 1.621872750309035638e+01
4.890877827806409783e+00 8.271000000000000574e-02 3.092000000000000082e+00 1.881249999999999867e-01 2.155316537054320492e+01
1.865746152105411326e+01 3.299000000000000543e-02 1.620000000000000107e+00 1.901210000000000122e-01 4.517446723083625493e+00
1.743888832332644512e+01 9.150999999999999412e-02 2.844000000000000306e+00 1.651710000000000123e-01 6.240378250105247382e+00
2.007364118327815916e+01 4.288999999999999757e-02 3.100000000000000089e+00 3.143900000000000167e-02 8.039432760646678666e-01
1.938201855754083525e+01 9.085000000000000020e-02 2.979999999999999982e+00 4.985029999999999739e-01 4.969486196680374945e+00
2.060059175526850339e+01 3.738999999999999962e-02 2.235999999999999766e+00 4.715570000000000039e-01 3.819450222798375094e+00
1.371729990864464988e+01 3.409000000000000224e-02 2.796000000000000263e+00 3.847309999999999897e-01 1.119469186601956068e+01
7.196286580264159127e+00 3.981000000000000510e-02 2.628000000000000114e+00 2.609790000000000165e-01 3.803431490506248025e+01
1.022625236920863045e+01 2.749000000000000055e-02 2.331999999999999851e+00 3.358290000000000441e-01 2.013524784629982634e+01
1.137895674543750424e+01 8.842999999999999472e-02 1.100000000000000089e+00 2.040930000000000244e-01 1.415110161354165719e+01
9.699301797218286225e+00 2.045000000000000290e-02 2.508000000000000007e+00 4.226550000000000029e-01 1.887068607597220193e+01
1.388197196239163311e+01 1.252999999999999947e-02 3.508000000000000007e+00 1.442130000000000078e-01 7.416886651295508059e+00
1.661552805459153603e+01 8.447000000000000342e-02 4.516000000000000014e+00 2.310390000000000221e-01 7.211211979177291731e+00
1.941495296829022976e+01 3.717000000000000165e-02 1.371999999999999886e+00 1.631750000000000145e-01 4.046110728918677957e+00
1.121428469169052278e+01 6.951000000000000234e-02 2.692000000000000171e+00 2.190630000000000077e-01 2.519011873900363341e+01
1.286100522916034272e+01 3.937000000000000222e-02 4.475999999999999979e+00 2.859290000000000442e-01 1.661621920537304575e+01
2.112754232725884407e+01 4.377000000000000335e-02 2.419999999999999929e+00 2.579850000000000199e-01 3.348910784011260411e+00
1.216938260342301881e+01 4.399000000000000132e-02 1.276000000000000023e+00 1.072869999999999935e-01 1.923639247508774019e+01
1.207057937117482993e+01 1.121899999999999981e-01 4.220000000000000639e+00 1.372270000000000156e-01 1.893522674229066993e+01
1.997483795102996851e+01 8.315000000000000169e-02 4.347999999999999865e+00 1.402210000000000123e-01 2.679030675561744790e+00
1.342089021190008324e+01 7.875000000000000056e-02 3.979999999999999982e+00 7.634900000000000020e-02 1.379493742168914316e+01
6.372926311529248267e+00 7.632999999999999508e-02 4.828000000000000291e+00 2.050910000000000233e-01 2.450626564298166699e+01
7.130417758765366543e+00 1.102100000000000024e-01 3.435999999999999943e+00 1.502010000000000012e-01 1.584329868758936222e+01
2.069939498751669049e+01 1.649000000000000118e-02 3.323999999999999844e+00 4.505990000000000273e-01 3.432516740993789561e+00
1.081907176269776372e+01 1.154900000000000093e-01 4.411999999999999922e+00 2.909189999999999832e-01 2.208392960513187475e+01
1.905267445004687232e+01 1.165899999999999992e-01 2.963999999999999968e+00 5.938300000000000523e-02 2.527759907393099859e+00
1.190590731742784669e+01 1.007500000000000062e-01 4.395999999999999908e+00 1.032950000000000118e-01 1.955518705805080870e+01
1.829518300281075227e+01 1.091099999999999987e-01 3.124000000000000110e+00 3.757489999999999997e-01 6.004742023991290090e+00
1.490293869562292173e+01 8.248999999999999388e-02 4.596000000000000085e+00 2.969069999999999765e-01 1.142108155883799014e+01
5.121418703052184718e+00 6.797000000000000264e-02 3.819999999999999840e+00 4.795410000000000506e-01 2.581302060843864510e+01
2.013951000477695175e+01 8.490999999999999936e-02 3.068000000000000060e+00 3.657690000000000108e-01 4.440861420756976763e+00
1.220231701417241510e+01 1.020699999999999941e-01 3.140000000000000124e+00 1.462089999999999779e-01 2.084985201383448228e+01
2.000777236177936658e+01 9.503000000000000336e-02 1.668000000000000149e+00 3.607789999999999608e-01 4.417506768561787034e+00
1.757062596632403029e+01 7.083000000000000407e-02 2.044000000000000039e+00 1.132750000000000007e-01 5.541470162556307422e+00
1.948082178978902590e+01 9.854999999999999871e-02 4.019999999999999574e+00 2.749510000000000010e-01 4.450791547565828843e+00
1.467239782037714591e+01 7.764999999999999680e-02 3.716000000000000192e+00 3.727550000000000030e-01 1.145797779670063932e+01
1.384903755164223682e+01 1.979000000000000203e-02 3.580000000000000071e+00 4.306389999999999940e-01 1.042289470864946921e+01
1.849278946730713002e+01 3.210999999999999965e-02 4.660000000000000142e+00 2.210590000000000055e-01 3.476335137256793661e+00
1.898680562854807619e+01 1.038299999999999917e-01 3.708000000000000185e+00 9.483000000000001845e-03 4.113036289748527863e-01
8.579531831738808734e+00 6.532999999999999918e-02 2.820000000000000284e+00 2.649710000000000121e-01 3.112661253470677281e+01
4.759140184808823726e+00 3.584999999999999992e-02 1.867999999999999883e+00 3.438130000000000353e-01 2.328637038873866416e+01
2.037005088002272757e+01 8.689000000000000890e-02 3.300000000000000266e+00 6.137899999999999606e-02 1.654272189053465292e+00
7.426827455509934062e+00 1.137299999999999978e-01 4.748000000000000220e+00 3.048909999999999676e-01 2.007827782605385281e+01
1.302567728290732596e+01 6.686999999999999889e-02 1.252000000000000002e+00 1.541929999999999967e-01 1.457916916138227315e+01
1.641792159009515473e+01 5.191000000000000475e-02 3.451999999999999957e+00 2.470070000000000043e-01 7.226708739455980357e+00
1.272926758616275755e+01 2.133000000000000174e-02 3.355999999999999872e+00 7.734699999999999909e-02 8.993660147309165964e+00
7.064548937266573958e+00 2.836999999999999938e-02 1.140000000000000124e+00 1.661690000000000111e-01 2.809205256816300178e+01
6.636401597524419493e+00 1.179099999999999870e-01 4.275999999999999801e+00 1.581849999999999923e-01 1.266508798522451151e+01
6.175319847032869625e+00 9.943000000000000449e-02 2.780000000000000249e+00 2.549910000000000232e-01 2.131373409594132795e+01
7.393893044760536881e+00 1.097699999999999926e-01 2.604000000000000092e+00 6.337500000000000078e-02 9.848222973207821695e+00
5.450762810546148529e+00 8.336999999999999966e-02 4.243999999999999773e+00 4.855289999999999884e-01 2.406198221923074598e+01
1.048972765520380079e+01 1.825000000000000233e-02 4.612000000000000099e+00 3.687630000000000075e-01 2.517284175876712027e+01
4.825009006307616310e+00 9.371000000000000163e-02 1.851999999999999869e+00 1.202609999999999929e-01 1.739675434783385199e+01
8.250187724244844034e+00 1.157099999999999934e-01 4.556000000000000050e+00 1.991030000000000022e-01 1.772951396568726778e+01
1.753769155557463577e+01 1.714999999999999858e-02 2.955999999999999961e+00 4.066870000000000207e-01 5.290502066222085631e+00
1.842692064580833744e+01 7.368999999999999162e-02 4.419999999999999929e+00 1.232550000000000034e-01 3.308327941974468889e+00
1.994190354028057399e+01 6.159000000000000585e-02 2.828000000000000291e+00 9.730700000000000460e-02 2.523374707948770279e+00
1.809757653831437452e+01 5.939000000000000529e-02 2.036000000000000032e+00 2.060890000000000222e-01 5.573992353461409976e+00
1.052266206595319709e+01 8.182999999999999996e-02 3.875999999999999890e+00 7.135900000000000576e-02 2.553038344750785882e+01
1.678020010833851927e+01 2.264999999999999999e-02 1.052000000000000046e+00 2.130749999999999866e-01 5.555968820994910295e+00
6.570532776025626909e+00 8.116999999999999216e-02 1.403999999999999915e+00 5.539100000000000273e-02 1.723804853989588182e+01
1.964549384353600558e+01 6.554999999999999716e-02 1.955999999999999961e+00 4.106790000000000163e-01 4.491061915175231789e+00
1.019331795845923239e+01 7.259000000000000175e-02 1.947999999999999954e+00 2.080850000000000199e-01 2.444652684912484020e+01
8.118450081247258865e+00 1.025099999999999900e-01 1.163999999999999924e+00 4.645710000000000117e-01 9.385763708636437386e+00
1.793290448456739483e+01 4.091000000000000192e-02 1.660000000000000142e+00 8.133900000000000852e-02 3.878124470319787687e+00
8.777138296235186488e+00 5.102999999999999897e-02 1.987999999999999989e+00 3.577849999999999642e-01 1.989846453113203140e+01
1.776823243082041159e+01 4.223000000000000365e-02 4.435999999999999943e+00 3.308389999999999942e-01 5.277059406539956754e+00
1.322328374740370371e+01 4.465000000000000219e-02 3.955999999999999961e+00 1.981050000000000033e-01 1.546635517415580630e+01
1.618738071484938246e+01 1.148300000000000015e-01 4.843999999999999417e+00 2.939129999999999798e-01 8.548047017266164005e+00
8.678335063986997611e+00 1.209000000000000005e-02 2.900000000000000355e+00 8.233700000000000740e-02 4.793771049350973357e+01
1.062146529820138596e+01 1.005300000000000082e-01 4.788000000000000256e+00 2.509989999999999721e-01 2.537917873327447538e+01
1.971136266503479817e+01 2.462999999999999912e-02 4.012000000000000455e+00 4.635730000000000128e-01 3.938365848786167245e+00
1.546282367836266047e+01 4.200999999999999873e-02 3.020000000000000018e+00 3.188630000000000075e-01 8.663951160372032945e+00
1.134602233468810795e+01 6.885000000000000842e-02 3.596000000000000085e+00 3.208590000000000053e-01 2.353013047384113321e+01
1.437598812363257750e+01 5.257000000000000561e-02 4.316000000000000725e+00 9.331499999999999517e-02 8.289015883826895248e+00
1.638498717934576021e+01 7.896999999999999853e-02 2.028000000000000025e+00 8.533100000000000407e-02 6.938362258878543187e+00
1.279513640766155014e+01 1.583000000000000032e-02 2.580000000000000071e+00 1.781449999999999978e-01 1.257367442370656363e+01
1.401370960538921828e+01 6.753000000000000669e-02 3.204000000000000181e+00 3.717570000000000041e-01 1.239276327289982582e+01
1.269633317541336126e+01 2.903000000000000025e-02 3.252000000000000224e+00 3.098810000000000175e-01 1.495428015964482427e+01
1.954669061128781493e+01 1.086700000000000027e-01 3.764000000000000234e+00 4.625750000000000139e-01 4.982178410018549108e+00
1.967842825428540010e+01 9.062999999999998835e-02 1.915999999999999925e+00 1.951110000000000066e-01 4.632652652011673311e+00
1.549575808911205677e+01 9.700999999999999901e-02 4.676000000000000156e+00 2.420169999999999821e-01 9.757781129417901766e+00
5.878910150288302106e+00 5.983000000000000124e-02 2.251999999999999780e+00 3.917170000000000374e-01 2.193122980834929336e+01
6.834008062020798135e+00 7.830999999999999073e-02 3.812000000000000277e+00 6.488999999999999976e-03 1.322685193152250527e+00
2.033711646927333305e+01 1.098999999999999977e-02 3.564000000000000057e+00 2.869270000000000431e-01 2.885703457346069811e+00
1.104961263794353954e+01 1.670999999999999916e-02 3.188000000000000167e+00 4.366269999999999873e-01 1.713679777792534864e+01
7.163352169514762835e+00 3.189000000000000168e-02 3.427999999999999936e+00 4.056890000000000218e-01 3.388749251103053695e+01
1.477120105262533478e+01 1.095499999999999946e-01 4.363999999999999879e+00 4.241700000000000331e-02 5.331227572997210729e+00
8.546597420989412441e+00 5.389000000000000734e-02 1.699999999999999956e+00 4.042099999999999860e-02 4.812522551233362833e+01
1.803170771681558193e+01 5.147000000000000186e-02 3.907999999999999918e+00 4.840500000000000358e-02 1.685231314799524815e+00
1.885506798555049102e+01 1.139499999999999957e-01 1.187999999999999945e+00 2.150709999999999844e-01 5.294901686579967404e+00
7.031614526517176778e+00 1.150499999999999995e-01 2.052000000000000046e+00 3.268469999999999986e-01 1.776199301150848342e+01
1.974429707578419624e+01 1.194500000000000006e-01 4.451999999999999957e+00 2.270469999999999988e-01 3.870419348049973340e+00
2.056765734451910532e+01 7.105000000000000204e-02 3.835999999999999854e+00 1.571869999999999934e-01 2.661533915557495966e+00
5.286090756799166179e+00 1.297000000000000063e-02 2.908000000000000362e+00 4.875249999999999861e-01 2.651392531046886347e+01
1.351969344414827212e+01 9.304999999999999383e-02 4.108000000000000540e+00 4.216570000000000040e-01 1.433275419826028596e+01
1.654965923309273990e+01 7.171000000000000985e-02 3.228000000000000203e+00 1.741530000000000022e-01 7.130070130845863829e+00
1.961255943278661107e+01 9.018999999999999240e-02 4.939999999999999503e+00 3.887229999999999852e-01 4.499375701610376588e+00
1.862452711030471875e+01 9.348999999999998978e-02 1.179999999999999938e+00 3.787429999999999963e-01 4.473207980642190051e+00
9.501695332721908471e+00 1.053699999999999914e-01 3.556000000000000050e+00 2.839330000000000465e-01 2.376464262358107860e+01
1.427718489138438862e+01 9.679000000000000103e-02 1.004000000000000004e+00 6.936300000000000798e-02 1.329403703852555552e+01
1.911854327154566136e+01 6.444999999999999341e-02 1.084000000000000075e+00 2.779449999999999976e-01 4.462108475073263136e+00
6.339991900779851974e+00 7.918999999999999651e-02 4.971999999999999531e+00 4.376249999999999862e-01 2.733305367294284949e+01
6.899876883519590720e+00 6.819000000000000061e-02 1.995999999999999996e+00 4.685630000000000073e-01 1.650042645090013238e+01
1.533108603536507530e+01 9.436999999999999555e-02 2.812000000000000277e+00 4.036930000000000240e-01 9.304645243696459289e+00
7.525630687758123827e+00 5.675000000000000183e-02 1.516000000000000014e+00 1.911190000000000111e-01 2.745399553680441329e+01
4.989681060054598660e+00 5.323000000000000648e-02 4.604000000000000092e+00 1.681650000000000089e-01 3.296911849552803631e+01
7.229220991013555420e+00 8.050999999999999823e-02 2.275999999999999801e+00 2.090830000000000188e-01 2.626258735555309443e+01
1.730715068032885995e+01 8.161000000000000199e-02 3.827999999999999847e+00 6.237700000000000189e-02 3.152221334064330360e+00
1.493587310637231802e+01 5.719000000000000472e-02 4.884000000000000341e+00 4.126750000000000140e-01 1.059174843730666105e+01
1.131308792393871165e+01 7.721000000000000085e-02 3.459999999999999964e+00 3.697610000000000063e-01 2.101946895247771252e+01
1.411251283763740894e+01 3.651000000000000079e-02 2.179999999999999716e+00 4.745510000000000561e-01 8.685803076397901279e+00
1.737301950182765253e+01 6.907000000000000639e-02 3.315999999999999837e+00 4.136730000000000129e-01 6.636445503308194382e+00
1.098374381644474695e+01 8.094999999999999418e-02 2.652000000000000135e+00 2.360290000000000166e-01 2.390550890457936717e+01
1.440892253438197379e+01 4.993000000000000216e-02 2.443999999999999950e+00 3.627750000000000141e-01 1.015723962532069002e+01
1.193884172817724298e+01 9.767000000000000681e-02 3.220000000000000195e+00 2.739530000000000021e-01 2.000681385663653700e+01
1.144482556693629860e+01 4.707000000000000767e-02 2.884000000000000341e+00 2.979049999999999754e-01 2.124787708209132475e+01
6.702270419023212966e+00 2.616999999999999882e-02 2.323999999999999844e+00 2.410189999999999833e-01 3.987202549051855272e+01
1.055559647670259338e+01 1.196699999999999986e-01 2.187999999999999723e+00 3.418170000000000375e-01 1.613206576435989348e+01
1.042385883370500821e+01 8.425000000000000544e-02 4.147999999999999687e+00 2.689630000000000076e-01 2.859561917066162451e+01
1.012744913696043980e+01 4.575000000000000594e-02 3.108000000000000096e+00 1.092830000000000051e-01 5.052223228488039553e+01
9.238220046726738133e+00 8.820999999999999674e-02 4.740000000000000213e+00 1.591829999999999912e-01 2.607162061580479673e+01
2.023831323702514240e+01 3.672999999999999876e-02 2.620000000000000107e+00 9.131899999999999740e-02 2.026810428014464094e+00
2.092993586276246631e+01 1.062499999999999972e-01 4.252000000000000668e+00 3.338330000000000464e-01 3.704536793368636616e+00
1.925028091454324652e+01 8.007000000000000228e-02 1.203999999999999959e+00 1.746700000000000336e-02 1.539106598398223946e+00
5.944778971787094690e+00 7.544999999999998930e-02 3.995999999999999996e+00 4.665670000000000095e-01 2.564789656074920288e+01
2.053472293376971081e+01 5.367000000000000243e-02 1.636000000000000121e+00 4.695610000000000062e-01 3.742294680242717941e+00
7.887909206001483930e+00 1.168099999999999972e-01 4.371999999999999886e+00 1.531949999999999978e-01 1.440186988635635679e+01
1.921734650379385201e+01 4.882999999999999841e-02 2.171999999999999709e+00 2.769469999999999987e-01 4.631945212200634820e+00
5.714238096541319756e+00 2.308999999999999941e-02 4.732000000000000206e+00 3.842500000000000082e-02 1.526270770125647402e+02
1.058853088745198967e+01 1.009700000000000042e-01 2.371999999999999886e+00 3.398210000000000397e-01 1.788381754028918635e+01
1.529815162461567901e+01 7.237000000000000377e-02 2.012000000000000011e+00 1.147899999999999962e-02 2.511725737204448361e+00
1.872333034255290585e+01 6.049000000000000210e-02 1.219999999999999973e+00 1.122770000000000018e-01 4.723237006433391727e+00
1.819637977056256517e+01 6.357000000000000151e-02 4.195999999999999730e+00 1.611790000000000167e-01 4.036366785185960815e+00
8.348990956493032911e+00 6.730999999999999484e-02 3.148000000000000131e+00 2.889229999999999854e-01 3.127833694490579575e+01
1.734008509107825802e+01 7.962999999999999245e-02 4.868000000000000327e+00 4.575850000000000195e-01 6.835412956014109476e+00
2.079819821976488115e+01 5.609000000000000097e-02 2.411999999999999922e+00 5.838500000000000634e-02 1.577329923538493661e+00
2.073232939826608856e+01 1.126300000000000079e-01 4.051999999999999602e+00 4.496010000000000284e-01 4.181381977081425561e+00
1.128015351318931536e+01 1.170299999999999951e-01 3.044000000000000039e+00 3.218570000000000042e-01 1.862217068414213372e+01
6.735204829772609258e+00 7.698999999999998900e-02 2.467999999999999972e+00 2.330350000000000199e-01 2.671682171958452656e+01
1.687900334058670637e+01 7.478999999999999537e-02 1.012000000000000011e+00 2.849310000000000453e-01 5.623247351030634000e+00
1.710954421583248219e+01 3.320999999999999647e-02 4.620000000000000107e+00 3.777449999999999974e-01 5.825810595587930685e+00
1.434305371288318121e+01 1.120999999999999948e-02 3.588000000000000078e+00 2.350310000000000177e-01 8.028985628835584976e+00
5.681303685791923463e+00 2.441000000000000114e-02 2.947999999999999954e+00 8.732700000000000184e-02 1.146977355818147970e+02
1.487000428487352544e+01 6.973000000000000032e-02 4.932000000000000384e+00 3.957090000000000329e-01 1.119651770431751814e+01
1.085200617344716179e+01 3.915000000000000424e-02 3.859999999999999876e+00 3.408190000000000386e-01 2.581450116934524530e+01
1.029212119070742304e+01 2.419000000000000317e-02 4.724000000000000199e+00 3.118770000000000153e-01 3.064733535834294642e+01
2.119341114875763665e+01 7.390999999999998959e-02 3.843999999999999861e+00 1.003010000000000013e-01 1.757577988809706504e+00
1.496880751712171431e+01 1.000899999999999984e-01 2.540000000000000036e+00 2.789430000000000520e-01 1.070384884549518034e+01
1.282807081841094643e+01 5.741000000000000270e-02 3.036000000000000032e+00 2.719570000000000043e-01 1.711186209401259006e+01
8.513663010240016149e+00 6.643000000000000294e-02 3.540000000000000036e+00 1.162690000000000112e-01 3.709821876205510449e+01
1.457359458812895703e+01 6.247000000000000469e-02 4.379999999999999893e+00 8.632900000000000296e-02 8.064521777551147963e+00
2.086406704126367373e+01 7.676999999999999102e-02 2.491999999999999993e+00 1.042930000000000107e-01 2.546888158256892964e+00
1.180710408517965782e+01 5.696999999999999981e-02 1.308000000000000052e+00 7.335500000000000353e-02 2.589267108801810124e+01
1.315741492590491113e+01 9.789000000000000479e-02 4.076000000000000512e+00 4.740699999999999775e-02 1.087042370074988895e+01
1.707660980508308413e+01 1.077899999999999969e-01 1.564000000000000057e+00 3.288429999999999964e-01 6.365514840996651991e+00
1.111548145944233212e+01 2.924999999999999822e-02 1.243999999999999995e+00 5.439299999999999691e-02 2.490730583554403310e+01
1.263046435391456868e+01 3.101000000000000284e-02 1.731999999999999984e+00 6.038099999999999717e-02 1.359859115616961489e+01
1.915147768229505942e+01 2.573000000000000287e-02 1.195999999999999952e+00 2.030950000000000255e-01 4.130112899060568665e+00
1.124721910243991907e+01 2.551000000000000142e-02 3.899999999999999911e+00 4.755490000000000550e-01 1.850241031647921019e+01
1.934908414679144073e+01 7.346999999999999365e-02 1.747999999999999998e+00 3.495000000000000277e-03 2.416142126324678785e-01
1.589097101810481405e+01 1.018499999999999961e-01 1.572000000000000064e+00 3.837329999999999908e-01 6.887545332241888474e+00
1.789997007381799676e+01 1.033000000000000064e-02 2.227999999999999758e+00 3.388230000000000408e-01 4.804823743538693570e+00
5.516631632044941114e+00 5.587000000000000299e-02 4.331999999999999851e+00 1.551909999999999956e-01 3.217715777350303341e+01
1.088494058419655808e+01 2.770999999999999852e-02 1.068000000000000060e+00 1.022970000000000129e-01 2.217665226439787673e+01
1.625324953634817504e+01 1.040499999999999897e-01 2.684000000000000163e+00 2.230550000000000033e-01 8.625627210094044983e+00
1.239992347866879285e+01 1.130700000000000038e-01 3.307999999999999829e+00 1.252510000000000012e-01 1.839466267091998475e+01
1.977723148653359431e+01 4.795000000000000651e-02 3.548000000000000043e+00 1.102810000000000040e-01 2.275176463517297965e+00
1.645085600084455280e+01 7.852999999999998870e-02 4.323999999999999844e+00 2.345500000000000015e-02 1.652818907382275881e+00
4.857943417057013491e+00 6.005000000000000615e-02 4.652000000000000135e+00 1.472070000000000045e-01 2.465779868467211600e+01
1.002864590471225092e+01 1.099900000000000044e-01 4.772000000000000242e+00 2.390230000000000132e-01 2.313512499654882504e+01
1.668139687609032507e+01 4.025000000000000105e-02 1.076000000000000068e+00 1.342330000000000190e-01 6.362801644329578288e+00
1.259752994316517238e+01 6.225000000000000672e-02 3.260000000000000231e+00 2.944300000000000042e-02 1.288793581824696766e+01
1.612151189335058987e+01 1.561000000000000061e-02 1.723999999999999977e+00 2.497000000000000088e-03 1.909388158963754301e-01
6.076516614784680748e+00 2.176999999999999769e-02 2.092000000000000082e+00 3.168670000000000098e-01 2.848267975943402064e+01
1.151069438843509118e+01 4.948999999999999927e-02 4.980000000000000426e+00 3.517970000000000264e-01 2.546053602347542011e+01
1.813051094906376903e+01 6.312999999999999168e-02 1.804000000000000048e+00 8.333500000000000629e-02 4.287688149159339268e+00
1.312448051515551484e+01 1.088900000000000007e-01 3.636000000000000121e+00 3.547909999999999675e-01 1.534008954163965832e+01
9.106482403729151187e+00 1.190099999999999908e-01 1.764000000000000012e+00 3.044099999999999931e-02 7.514591240123146498e+00
1.463946340962774961e+01 1.956999999999999712e-02 4.716000000000000192e+00 4.995009999999999728e-01 9.005238422544469046e+00
1.141189115618690053e+01 8.512999999999999734e-02 2.748000000000000220e+00 1.272469999999999990e-01 2.663446538855988166e+01
1.526521721386628272e+01 1.473000000000000004e-02 1.451999999999999957e+00 2.569870000000000210e-01 7.062337634315714041e+00
5.055549881553391245e+00 1.051499999999999935e-01 2.163999999999999702e+00 2.245699999999999780e-02 3.338363533761783852e+00
8.612466242488205026e+00 1.143900000000000056e-01 4.764000000000000234e+00 2.929149999999999809e-01 2.158271676181204057e+01
2.043591970152152015e+01 8.139000000000000401e-02 2.299999999999999822e+00 5.040100000000000136e-02 1.777972835138551311e+00
1.368436549789525358e+01 7.215000000000000580e-02 2.076000000000000068e+00 4.735530000000000572e-01 9.374405477822220334e+00
5.615434864293130879e+00 5.081000000000000100e-02 2.475999999999999979e+00 4.535930000000000240e-01 2.199173343349011134e+01
1.516641398161809207e+01 1.759000000000000147e-02 2.004000000000000004e+00 4.565870000000000206e-01 6.912005334839011361e+00
2.106167350576005148e+01 3.123000000000000081e-02 3.212000000000000188e+00 4.186630000000000074e-01 3.455268957885032410e+00
2.109460791650944955e+01 3.475000000000000311e-02 3.387999999999999901e+00 2.250510000000000010e-01 2.691310719688877029e+00
1.170830085293146894e+01 1.060299999999999992e-01 1.483999999999999986e+00 2.070870000000000211e-01 1.576802475777525103e+01
1.299274287215792967e+01 9.568999999999999728e-02 2.219999999999999751e+00 4.456090000000000328e-01 1.108253427799864710e+01
1.338795580115068695e+01 4.509000000000000508e-02 3.660000000000000142e+00 1.646900000000000100e-02 3.439557320691836395e+00
5.780106918040113229e+00 9.833000000000000074e-02 3.987999999999999989e+00 9.930300000000000238e-02 1.040450828936943140e+01
8.381925367242430980e+00 1.185699999999999948e-01 4.955999999999999517e+00 4.046910000000000229e-01 2.165585443876132743e+01
1.855865828880592261e+01 1.737000000000000002e-02 3.180000000000000160e+00 8.433300000000000518e-02 1.915794328609116137e+00
5.384893989047355944e+00 4.113000000000000683e-02 2.756000000000000227e+00 1.771469999999999989e-01 4.720093543962327232e+01
9.402892100473719594e+00 9.282999999999999585e-02 2.915999999999999925e+00 4.396209999999999840e-01 1.950399603302890128e+01
1.869039593180350778e+01 3.871000000000000135e-02 3.268000000000000238e+00 4.336329999999999907e-01 4.933193557640350946e+00
7.756171563003897873e+00 1.044899999999999995e-01 3.363999999999999879e+00 1.362290000000000167e-01 1.742619817814155425e+01
5.022615470803994953e+00 8.996999999999999442e-02 3.628000000000000114e+00 2.160690000000000111e-01 2.002839001441147104e+01
6.241188668531663097e+00 6.378999999999999948e-02 2.860000000000000320e+00 2.320370000000000210e-01 3.180869417274836408e+01
5.088484292302787537e+00 2.375000000000000028e-02 1.020000000000000018e+00 3.857289999999999885e-01 1.178661405148101160e+01
4.792074595558220018e+00 8.380999999999999561e-02 4.028000000000000469e+00 3.942299999999999971e-02 4.930086363393049176e+00
6.010647793285887275e+00 3.783000000000000251e-02 2.660000000000000142e+00 2.599810000000000176e-01 3.948312382548130728e+01
1.562749573210964371e+01 2.221000000000000058e-02 1.124000000000000110e+00 3.068870000000000209e-01 6.002057128555123633e+00
1.605564307185179729e+01 8.204999999999999793e-02 3.524000000000000021e+00 2.490030000000000021e-01 8.714795483425431755e+00
1.747182273407584319e+01 1.341000000000000004e-02 4.339999999999999858e+00 3.008989999999999720e-01 4.386133407339326773e+00
1.895387121779867812e+01 7.280999999999999972e-02 2.060000000000000053e+00 1.452110000000000067e-01 4.575758749753012111e+00
1.381610314089284053e+01 5.036999999999999811e-02 4.628000000000000114e+00 4.096810000000000174e-01 1.330232375851790927e+01
1.658259364384213796e+01 9.590999999999999526e-02 2.892000000000000348e+00 4.935129999999999795e-01 7.279441065191274873e+00
5.813041328789509521e+00 1.042699999999999877e-01 4.684000000000000163e+00 2.799410000000000509e-01 1.866893952819443214e+01
1.859159269955532068e+01 1.385000000000000120e-02 1.411999999999999922e+00 1.222569999999999907e-01 3.525204028080463292e+00
1.585803660735541776e+01 1.693000000000000060e-02 2.612000000000000099e+00 2.545100000000000140e-02 1.434516013280544122e+00
1.542988926761326418e+01 5.829000000000000153e-02 3.060000000000000053e+00 4.436129999999999796e-01 8.775464298860940815e+00
1.714247862658187671e+01 2.881000000000000227e-02 3.676000000000000156e+00 3.587829999999999631e-01 5.809008885650101206e+00
8.283122134994240326e+00 7.434999999999998554e-02 4.923999999999999488e+00 7.235700000000000465e-02 1.779506720540425491e+01
2.017244441552634981e+01 6.203000000000000874e-02 2.211999999999999744e+00 2.240530000000000022e-01 4.023479803257361986e+00
1.075320294119897113e+01 3.959000000000000019e-02 1.116000000000000103e+00 2.759489999999999998e-01 1.245844799733851893e+01
9.600498564970097348e+00 9.238999999999999990e-02 3.244000000000000217e+00 2.819370000000000487e-01 2.545583066527369098e+01
7.690302741505105288e+00 2.727000000000000257e-02 2.315999999999999837e+00 3.078850000000000198e-01 2.953759433901844744e+01
1.154362879918448570e+01 9.040999999999999037e-02 3.004000000000000004e+00 3.348310000000000453e-01 1.920175042503035812e+01
1.378316873014344424e+01 8.402999999999999359e-02 1.491999999999999993e+00 3.737530000000000019e-01 8.733581052785984511e+00
2.076526380901548308e+01 7.148999999999999799e-02 3.700000000000000178e+00 4.156690000000000107e-01 3.952902959051578069e+00
5.648369275042527171e+00 5.433000000000000329e-02 4.060000000000000497e+00 2.959089999999999776e-01 3.702262283774447127e+01
1.832811741356015034e+01 1.539000000000000090e-02 1.532000000000000028e+00 2.400209999999999844e-01 4.487393661757383967e+00
9.798105029466476878e+00 1.868999999999999828e-02 1.211999999999999966e+00 4.785430000000000517e-01 8.888283284110494620e+00
7.558565098507520119e+00 5.279000000000000359e-02 4.900000000000000355e+00 3.378250000000000419e-01 4.297295457449429534e+01
6.307057490030455682e+00 9.898999999999999466e-02 1.707999999999999963e+00 3.927150000000000363e-01 1.539970210232683634e+01
1.226818583567120768e+01 1.181299999999999989e-01 2.387999999999999901e+00 2.919169999999999821e-01 1.552295412427274712e+01
1.236698906791939834e+01 8.029000000000000026e-02 4.708000000000000185e+00 2.001010000000000011e-01 2.278355272522393449e+01
1.197177613892663928e+01 6.775000000000000466e-02 4.692000000000000171e+00 4.206590000000000051e-01 2.085228271549112833e+01
7.657368330755708996e+00 7.017000000000001014e-02 2.363999999999999879e+00 1.941130000000000078e-01 3.091255387852051228e+01
1.009451472621104529e+01 8.293000000000000371e-02 2.291999999999999815e+00 1.691630000000000078e-01 2.770995432472764364e+01
1.845985505655773551e+01 2.528999999999999998e-02 2.556000000000000050e+00 1.142729999999999996e-01 3.014801921865169820e+00
6.208254257782265917e+00 1.014100000000000001e-01 4.291999999999999815e+00 5.139900000000000718e-02 5.357782535879123564e+00
6.142385436283473332e+00 1.141700000000000076e-01 3.347999999999999865e+00 1.332350000000000201e-01 1.268775514329188070e+01
6.932811294268987012e+00 6.665000000000000091e-02 1.883999999999999897e+00 7.487000000000000599e-03 3.808014528998953985e+00
1.450772576663016444e+01 4.641000000000000680e-02 1.284000000000000030e+00 3.248510000000000009e-01 7.686922935555685399e+00
1.648379041159395086e+01 5.235000000000000070e-02 2.588000000000000078e+00 4.446110000000000340e-01 6.978756327133394777e+00
7.328024223261744297e+00 7.522999999999999132e-02 4.700000000000000178e+00 1.182650000000000090e-01 2.100223319733034089e+01
1.470533223112654220e+01 1.064699999999999952e-01 4.172000000000000597e+00 1.312389999999999946e-01 1.062653044479964848e+01
1.358556226564706471e+01 9.525000000000000133e-02 3.947999999999999954e+00 4.341500000000000220e-02 9.245548074346379153e+00
1.519934839236748836e+01 8.557000000000000717e-02 2.836000000000000298e+00 3.258489999999999998e-01 1.009588457844976617e+01
8.184318902746051450e+00 1.110899999999999943e-01 2.259999999999999787e+00 4.141900000000000442e-02 8.221344596182877495e+00
1.365143108714585729e+01 8.886999999999999067e-02 2.923999999999999932e+00 4.885229999999999850e-01 1.131308652424192296e+01
1.694487216208549896e+01 2.793000000000000344e-02 2.572000000000000064e+00 4.615770000000000151e-01 5.987364392121873991e+00
1.391490637314102941e+01 8.623000000000000109e-02 4.572000000000000064e+00 1.242530000000000023e-01 1.314782434769230157e+01
1.523228280311688643e+01 1.516999999999999946e-02 3.804000000000000270e+00 1.292429999999999968e-01 4.788006477765146762e+00
1.704367539433368961e+01 5.917000000000000037e-02 3.284000000000000252e+00 3.637730000000000130e-01 6.876084967910839119e+00
1.671433128683972313e+01 2.396999999999999825e-02 3.483999999999999986e+00 4.196610000000000062e-01 6.252028842957352062e+00
2.050178852302031629e+01 3.607000000000000484e-02 4.227999999999999758e+00 4.775450000000000528e-01 3.707313480239855075e+00
1.552869249986145306e+01 6.994999999999999829e-02 3.756000000000000227e+00 1.498999999999999898e-03 1.805347075673096879e-01
1.628618394709756956e+01 7.302999999999999770e-02 1.556000000000000050e+00 1.447300000000000322e-02 2.545981365992546319e+00
2.089700145201306825e+01 1.108699999999999963e-01 2.483999999999999986e+00 1.861289999999999889e-01 3.647717258211927938e+00
8.645400653237601318e+00 5.763000000000000067e-02 4.636000000000000121e+00 4.016970000000000263e-01 3.508592659363813482e+01
6.537598365276230616e+00 6.268999999999999573e-02 1.756000000000000005e+00 3.907190000000000385e-01 1.760628024357450627e+01
9.732236207967684294e+00 2.507000000000000201e-02 3.419999999999999929e+00 1.721570000000000045e-01 4.091593158070990910e+01
5.977713382536490982e+00 4.685000000000000275e-02 3.644000000000000128e+00 2.260489999999999999e-01 4.498768402347665329e+01
2.063352616601789791e+01 8.711000000000000687e-02 4.948000000000000398e+00 1.062889999999999946e-01 1.781775458436724247e+00
8.052581259748466280e+00 1.093299999999999966e-01 3.116000000000000103e+00 3.158690000000000109e-01 2.169657131935428751e+01
8.843007117733979072e+00 8.798999999999998489e-02 3.467999999999999972e+00 9.531100000000000683e-02 2.139841057320341378e+01
4.956746649305202368e+00 4.047000000000000597e-02 3.500000000000000000e+00 4.545910000000000228e-01 3.089135901817712337e+01
2.020537882627574788e+01 4.729000000000000564e-02 4.804000000000000270e+00 3.537929999999999686e-01 3.527293128600058392e+00
8.414859777991825496e+00 7.325000000000000955e-02 1.395999999999999908e+00 1.521969999999999990e-01 2.595360239491988708e+01
1.796583889531678935e+01 4.420999999999999930e-02 3.475999999999999979e+00 1.412190000000000112e-01 3.834271323991438329e+00
1.572629896435783259e+01 4.817000000000000448e-02 2.564000000000000057e+00 3.967070000000000318e-01 7.977875411998240907e+00
1.414544724838680523e+01 7.588999999999999913e-02 4.875999999999999446e+00 2.480050000000000032e-01 1.368984268097988810e+01
1.592390542885421034e+01 4.487000000000000016e-02 3.443999999999999950e+00 1.422170000000000101e-01 6.410671383912074361e+00
2.046885411227091822e+01 3.431000000000000022e-02 1.435999999999999943e+00 1.561889999999999945e-01 3.339819482335365297e+00
7.854974795252086750e+00 4.443000000000000421e-02 1.227999999999999980e+00 2.020970000000000266e-01 2.313162055632691150e+01
9.666367386468889933e+00 3.518999999999999906e-02 1.715999999999999970e+00 1.731550000000000034e-01 2.960520064340033386e+01
2.027124764777453692e+01 9.722999999999999698e-02 1.419999999999999929e+00 4.316369999999999929e-01 3.922494819940343547e+00
6.438795133028040851e+00 3.386999999999999733e-02 4.467999999999999972e+00 3.767469999999999986e-01 4.652142235036166795e+01
1.951375620053842042e+01 9.546999999999999931e-02 1.971999999999999975e+00 1.841329999999999911e-01 4.722731315917497952e+00
1.615444630409998439e+01 4.179000000000000770e-02 1.684000000000000163e+00 2.679650000000000087e-01 7.140689098747394326e+00
1.289393963990973901e+01 5.653000000000000386e-02 3.851999999999999869e+00 4.416169999999999818e-01 1.528490727979411723e+01
9.271154457476132649e+00 3.277000000000000052e-02 1.652000000000000135e+00 2.370270000000000155e-01 2.347409246691708518e+01
1.480413546337473107e+01 1.161499999999999894e-01 3.891999999999999904e+00 4.486030000000000295e-01 1.083482269242179186e+01
6.866942472770194428e+00 1.029499999999999860e-01 4.092000000000000526e+00 4.955089999999999772e-01 2.166129301613659663e+01
1.582510219660602147e+01 4.354999999999999843e-02 2.148000000000000131e+00 6.736700000000001021e-02 5.401018851505332563e+00
1.566043014285904000e+01 3.255000000000000254e-02 4.035999999999999588e+00 4.835329999999999906e-01 7.958947720123378033e+00
1.292687405065913531e+01 1.011900000000000022e-01 3.684000000000000163e+00 3.677650000000000086e-01 1.594849453650999394e+01
1.249872671091698351e+01 1.913000000000000117e-02 3.331999999999999851e+00 3.458090000000000330e-01 1.419096699266744999e+01
2.010657559402755723e+01 1.934999999999999915e-02 1.332000000000000073e+00 1.971070000000000044e-01 3.496842812648484955e+00
1.595683983960360663e+01 4.971000000000000418e-02 1.300000000000000044e+00 4.595810000000000173e-01 5.389227419208312497e+00
5.253156346049769887e+00 3.541000000000000397e-02 4.644000000000000128e+00 2.220570000000000044e-01 6.104774849013949023e+01
1.335502139040129066e+01 2.088999999999999885e-02 1.387999999999999901e+00 3.747510000000000008e-01 8.135726909349520142e+00
1.118135028094112471e+01 8.358999999999999764e-02 1.859999999999999876e+00 9.032099999999999851e-02 2.719284044416979640e+01
1.483706987412412737e+01 6.467000000000000526e-02 4.259999999999999787e+00 2.170670000000000099e-01 1.081614797992897259e+01
1.035799001220621562e+01 3.364999999999999936e-02 2.116000000000000103e+00 6.437299999999999967e-02 4.097539281031873060e+01
1.681313451908791379e+01 1.319000000000000034e-02 1.475999999999999979e+00 4.725550000000000583e-01 4.847913463975868531e+00
6.768139240522005551e+00 9.811000000000000276e-02 1.907999999999999918e+00 1.382250000000000145e-01 2.007852340589798601e+01
1.444185694513137008e+01 1.187899999999999928e-01 2.395999999999999908e+00 4.945109999999999784e-01 8.978970890143502359e+00
8.711269474736393903e+00 1.066899999999999932e-01 2.716000000000000192e+00 3.817369999999999930e-01 1.970490685385560781e+01
1.424425048063499233e+01 1.780999999999999944e-02 1.347999999999999865e+00 3.707590000000000052e-01 7.105519906941530905e+00
1.631911835784696763e+01 6.621000000000000496e-02 4.780000000000000249e+00 2.589830000000000187e-01 7.453458058060334679e+00
1.305861169365672225e+01 9.217000000000000193e-02 4.083999999999999631e+00 1.851309999999999900e-01 1.832711721553726036e+01
7.262155401762951712e+00 8.864999999999999269e-02 3.491999999999999993e+00 8.034099999999999575e-02 1.380989763481255039e+01
1.101667822719414502e+01 1.494999999999999975e-02 1.324000000000000066e+00 3.877249999999999863e-01 1.013531404213198073e+01
9.863973850965269463e+00 1.075699999999999990e-01 3.411999999999999922e+00 2.659690000000000110e-01 2.329452399800225848e+01
7.459761866259330354e+00 6.862999999999999656e-02 2.347999999999999865e+00 3.178650000000000087e-01 2.470255121042499624e+01
1.328915256890249630e+01 3.805000000000000049e-02 2.676000000000000156e+00 4.555890000000000217e-01 1.123430603749167034e+01
5.187287524550977302e+00 9.921000000000000651e-02 2.203999999999999737e+00 3.058889999999999665e-01 1.951593317040735798e+01
9.007679171480962310e+00 7.500999999999999335e-02 4.124000000000000554e+00 3.088830000000000187e-01 3.182102107766713317e+01
7.097483348015970250e+00 1.082299999999999929e-01 1.355999999999999872e+00 4.441300000000000109e-02 1.000342307934577057e+01
1.203764496042543186e+01 2.199000000000000260e-02 3.052000000000000046e+00 2.450110000000000066e-01 1.698732133548402956e+01
1.918441209304445749e+01 9.414999999999999758e-02 4.588000000000000078e+00 3.543100000000000416e-02 1.069703587544708290e+00
1.431011930213378491e+01 1.429000000000000062e-02 3.076000000000000068e+00 1.846500000000000224e-02 1.390865739325796158e+00
7.624433920006312704e+00 9.657000000000000306e-02 2.084000000000000075e+00 3.318369999999999931e-01 1.931330451739899701e+01
9.205285635977340064e+00 2.815000000000000141e-02 1.676000000000000156e+00 4.705590000000000050e-01 1.289465951949580536e+01
9.468760921972512179e+00 9.392999999999999960e-02 1.963999999999999968e+00 2.809390000000000498e-01 1.966912058105454975e+01
1.513347957086869577e+01 3.233000000000000457e-02 4.204000000000000625e+00 1.547099999999999864e-02 1.022040972284665505e+00
1.766942919857222094e+01 9.326999999999999180e-02 4.916000000000000369e+00 2.010990000000000000e-01 5.237888158345695544e+00
1.598977425035300470e+01 2.001000000000000001e-02 2.708000000000000185e+00 4.266469999999999985e-01 6.807143588926432898e+00
8.480728599490619857e+00 4.245000000000000162e-02 2.516000000000000014e+00 4.426149999999999807e-01 2.108306194032099512e+01
2.083113263051427566e+01 1.073500000000000010e-01 3.732000000000000206e+00 3.148710000000000120e-01 3.846298946908253136e+00
1.213644819267362251e+01 1.174699999999999911e-01 1.268000000000000016e+00 2.430149999999999810e-01 1.220696942224654435e+01
8.151384491996655157e+00 5.345000000000000445e-02 1.171999999999999931e+00 3.038929999999999687e-01 1.475645408057567387e+01
1.981016589728298882e+01 7.127000000000000002e-02 1.540000000000000036e+00 3.428150000000000364e-01 4.367323586234775235e+00
1.500174192787111060e+01 1.176899999999999891e-01 4.891999999999999460e+00 3.977050000000000307e-01 1.111348872423666556e+01
1.210351378192422445e+01 1.183499999999999969e-01 4.115999999999999659e+00 1.282449999999999979e-01 1.759813897448158571e+01
6.965745705018384193e+00 1.084499999999999909e-01 2.931999999999999940e+00 4.166669999999999541e-01 1.965234870798527922e+01
1.799877330606618386e+01 2.111000000000000029e-02 2.243999999999999773e+00 1.247699999999999851e-02 5.254196774930578462e-01
9.896908261714665755e+00 8.469000000000000139e-02 4.211999999999999744e+00 1.946300000000000460e-02 7.246960878805781547e+00
1.608857748260119536e+01 8.908999999999998864e-02 2.971999999999999975e+00 4.825349999999999917e-01 7.923724948630940901e+00
1.187297290667845040e+01 1.027299999999999880e-01 2.283999999999999808e+00 1.172670000000000101e-01 2.138058674035900353e+01
1.404664401613861457e+01 1.847000000000000031e-02 1.828000000000000069e+00 3.298409999999999953e-01 8.853875666364665165e+00
1.717541303733127478e+01 1.275000000000000092e-02 4.532000000000000028e+00 9.431299999999999406e-02 2.054715507475453062e+00
1.816344535981316710e+01 6.335000000000000353e-02 1.899999999999999911e+00 3.867269999999999874e-01 5.389720775516877893e+00
1.720834744808067285e+01 3.628999999999999587e-02 1.508000000000000007e+00 3.488030000000000297e-01 5.501696081012324768e+00
1.006158031546164722e+01 3.452999999999999819e-02 3.740000000000000213e+00 3.138730000000000131e-01 3.120630618149751001e+01
1.398077519463982199e+01 7.566999999999998727e-02 1.340000000000000080e+00 3.328349999999999920e-01 8.561279751292920182e+00
1.826224859206135775e+01 1.036099999999999938e-01 3.292000000000000259e+00 6.636899999999999744e-02 3.021517219532697585e+00
5.351959578297959652e+00 1.071300000000000030e-01 1.108000000000000096e+00 4.965069999999999761e-01 9.098357346533129331e+00
8.810072706984584556e+00 1.187000000000000034e-02 3.931999999999999940e+00 2.380250000000000143e-01 4.106164497900464028e+01
1.539695485686386789e+01 6.511000000000000121e-02 4.131999999999999673e+00 1.791429999999999967e-01 8.854619496006714385e+00
6.801073651271401843e+00 1.031699999999999978e-01 4.427999999999999936e+00 3.667670000000000097e-01 2.225560189329459959e+01
5.154353113801581010e+00 1.055899999999999894e-01 3.339999999999999858e+00 4.356289999999999885e-01 1.983936273500019709e+01
1.786703566306859869e+01 1.119700000000000001e-01 3.796000000000000263e+00 4.346309999999999896e-01 6.449750364250277812e+00
9.139416814478547479e+00 5.807000000000000356e-02 3.516000000000000014e+00 9.830500000000000349e-02 4.994170761302162020e+01
7.360958634011140589e+00 1.011000000000000093e-02 2.108000000000000096e+00 3.617770000000000152e-01 2.329792224470973494e+01
9.073547992979754895e+00 9.965000000000000246e-02 3.164000000000000146e+00 4.515970000000000262e-01 2.004094511996375871e+01
1.016038354770983787e+01 3.760999999999999760e-02 4.268000000000000682e+00 4.640899999999999886e-02 4.721331424895400630e+01
1.230112024642060398e+01 1.143000000000000092e-02 1.979999999999999982e+00 1.262490000000000001e-01 1.307403977724943367e+01
9.369957689724323302e+00 7.742999999999999883e-02 1.316000000000000059e+00 1.212589999999999918e-01 2.646627227972116714e+01
7.492696277008726646e+00 2.859000000000000430e-02 4.836000000000000298e+00 1.511990000000000001e-01 1.084759477559517222e+02
1.256459553241577609e+01 9.876999999999999669e-02 3.532000000000000028e+00 2.989029999999999743e-01 1.806177165185617639e+01
9.534629743471304764e+00 2.287000000000000144e-02 2.668000000000000149e+00 4.541099999999999998e-02 4.154063063207123463e+01
1.957962502203721300e+01 1.192299999999999888e-01 3.883999999999999897e+00 4.940300000000000247e-02 1.574892051496994405e+00
1.506761074936990319e+01 3.849000000000000338e-02 1.467999999999999972e+00 3.498010000000000286e-01 7.253229317511334706e+00
2.004070677252876465e+01 7.808999999999999275e-02 2.724000000000000199e+00 3.368270000000000430e-01 4.460517041052582066e+00
1.770236360932161546e+01 1.198899999999999966e-01 2.524000000000000021e+00 1.711590000000000056e-01 6.341420856897405756e+00
6.405860722278644559e+00 4.751000000000000362e-02 4.964000000000000412e+00 3.343499999999999944e-02 1.561585212894897623e+01
6.043582204035284455e+00 9.744999999999999496e-02 4.907999999999999474e+00 7.535100000000000131e-02 7.201802652533207727e+00
1.473826664187593849e+01 8.644999999999999907e-02 2.132000000000000117e+00 3.128750000000000142e-01 1.013777676823471552e+01
1.674726569758912120e+01 9.106999999999999817e-02 2.100000000000000089e+00 4.905189999999999828e-01 6.322329185477030933e+00
8.875941528483377141e+00 7.984999999999999043e-02 1.628000000000000114e+00 1.302409999999999957e-01 2.772741769639539910e+01
7.920843616750880223e+00 5.784999999999999865e-02 4.355999999999999872e+00 2.046100000000000002e-02 1.095894575922770109e+01
1.114841587019173019e+01 1.077000000000000006e-02 2.868000000000000327e+00 4.585830000000000184e-01 1.498004826520518762e+01
1.556162691061084935e+01 5.015000000000000013e-02 1.132000000000000117e+00 2.669670000000000099e-01 6.950910870831683575e+00
1.760356037707342836e+01 5.565000000000000502e-02 3.196000000000000174e+00 4.845309999999999895e-01 6.105990610920163597e+00
8.316056545743636619e+00 8.930999999999998662e-02 1.044000000000000039e+00 6.836500000000000909e-02 2.149250213069201720e+01
1.901974003929747425e+01 4.311000000000000248e-02 3.939999999999999947e+00 3.987030000000000296e-01 4.609380357837101094e+00
1.345382462264947954e+01 9.194999999999999007e-02 4.459999999999999964e+00 3.018969999999999709e-01 1.616919509988706594e+01
1.990896912953117948e+01 9.480999999999999150e-02 1.427999999999999936e+00 5.339500000000000496e-02 2.919346319123496070e+00
9.567564154220701056e+00 5.301000000000000156e-02 3.867999999999999883e+00 3.897210000000000396e-01 2.970403105837332447e+01
1.569336455360843630e+01 1.451000000000000033e-02 2.379999999999999893e+00 1.482050000000000034e-01 5.729606772817414928e+00
1.174123526368086345e+01 7.456999999999999740e-02 1.379999999999999893e+00 7.036100000000000687e-02 2.615975243462402489e+01
1.773529802007101353e+01 1.146100000000000035e-01 4.307999999999999829e+00 1.492030000000000023e-01 4.902711064252754269e+00
7.953778027500276515e+00 5.168999999999999984e-02 2.644000000000000128e+00 4.086830000000000185e-01 2.393792963026336551e+01
8.019646848999069988e+00 5.059000000000000302e-02 2.804000000000000270e+00 3.198610000000000064e-01 3.084457665691296668e+01
2.030418205852393498e+01 9.612999999999999323e-02 1.036000000000000032e+00 3.443300000000000527e-02 2.416211746635632096e+00
6.998680115767780485e+00 2.704999999999999766e-02 2.636000000000000121e+00 3.567869999999999653e-01 3.037185457754626228e+01
1.421131606988559781e+01 5.125000000000000389e-02 4.067999999999999616e+00 1.831349999999999922e-01 1.171014359980587471e+01
5.911844561037698398e+00 2.242999999999999855e-02 1.260000000000000009e+00 4.146710000000000118e-01 1.326279816151211932e+01
1.177416967443026152e+01 2.638999999999999679e-02 3.084000000000000075e+00 4.296409999999999951e-01 1.558953963444314006e+01
1.108254704869293761e+01 1.106499999999999984e-01 3.012000000000000011e+00 4.256489999999999996e-01 1.689407581589145835e+01
9.929842672464062048e+00 5.499000000000000415e-02 1.812000000000000055e+00 2.729550000000000032e-01 2.065680861823529568e+01
6.274123079281059390e+00 3.056999999999999995e-02 2.548000000000000043e+00 2.200610000000000066e-01 4.666784928945563138e+01
9.831039440215871394e+00 1.124099999999999960e-01 3.724000000000000199e+00 2.180650000000000088e-01 2.254344271510957753e+01
1.147775997768569312e+01 1.055000000000000035e-02 2.451999999999999957e+00 4.076850000000000196e-01 1.379603019431597311e+01
5.845975739538905813e+00 5.543000000000000704e-02 2.788000000000000256e+00 2.110789999999999889e-01 3.562280783499480208e+01
1.783410125231920063e+01 3.694999999999999674e-02 2.732000000000000206e+00 4.605790000000000162e-01 5.506386919622011433e+00
7.723237152254501581e+00 5.630999999999999894e-02 2.156000000000000139e+00 1.432150000000000090e-01 4.006741431447458979e+01
9.995711493962854632e+00 1.104300000000000004e-01 3.572000000000000064e+00 1.811389999999999945e-01 2.240911752542004365e+01
6.109451025534077040e+00 2.661000000000000171e-02 2.140000000000000124e+00 2.440130000000000077e-01 3.706419592172182575e+01
2.099580468426125890e+01 7.061000000000000609e-02 3.692000000000000171e+00 2.629750000000000143e-01 3.300255940955662215e+00
9.337023278974927010e+00 1.165000000000000063e-02 3.379999999999999893e+00 1.751510000000000289e-01 3.589537299680474547e+01
9.435826511223115887e+00 7.039000000000000812e-02 4.156000000000000583e+00 1.012990000000000002e-01 3.513446352010866747e+01
5.549566042794338294e+00 4.003000000000000308e-02 2.403999999999999915e+00 3.108790000000000164e-01 3.093357596839249624e+01
1.095080940569535066e+01 1.135099999999999998e-01 3.395999999999999908e+00 1.801409999999999956e-01 2.177976623144709833e+01
1.944788737903962783e+01 6.400999999999999746e-02 1.923999999999999932e+00 5.638900000000000162e-02 2.446584032216663651e+00
1.200471054967603735e+01 9.128999999999999615e-02 4.996000000000000441e+00 4.286429999999999962e-01 2.023989392013497124e+01
1.375023431939404794e+01 5.411000000000000532e-02 4.403999999999999915e+00 4.493000000000000466e-03 8.700067354125704533e-01
1.091787499494595437e+01 4.553000000000000103e-02 3.236000000000000210e+00 4.925149999999999806e-01 1.802594437339231348e+01
1.701074098358429154e+01 8.666999999999999704e-02 4.491999999999999993e+00 2.559890000000000221e-01 6.805410033157859750e+00
1.447479135588076637e+01 1.803000000000000089e-02 3.772000000000000242e+00 4.805389999999999939e-01 9.069862392594613354e+00
1.319034933665430742e+01 6.422999999999999543e-02 1.644000000000000128e+00 2.120769999999999877e-01 1.380127877655152702e+01
1.253166112166637980e+01 8.579000000000000514e-02 1.739999999999999991e+00 3.557889999999999664e-01 1.165754711016270839e+01
9.172351225227945548e+00 2.330999999999999739e-02 2.195999999999999730e+00 4.975049999999999750e-01 1.567279615509689528e+01
2.102873909501065697e+01 2.682999999999999968e-02 3.788000000000000256e+00 3.647710000000000119e-01 3.119813691692210789e+00
8.941810349982169726e+00 6.576999999999999513e-02 1.788000000000000034e+00 4.026950000000000252e-01 1.570634112000728244e+01
7.789105973753294165e+00 1.058100000000000013e-01 3.780000000000000249e+00 1.152709999999999985e-01 1.439267586633909168e+01
9.962777083213458340e+00 9.260999999999999788e-02 1.363999999999999879e+00 4.326349999999999918e-01 1.049149003220693643e+01
7.295089812512348004e+00 8.072999999999999621e-02 1.588000000000000078e+00 1.621770000000000156e-01 2.461873724487191950e+01
1.984310030803238334e+01 3.497000000000000108e-02 4.987999999999999545e+00 1.891230000000000133e-01 2.406045577972180549e+00
1.332208697965189259e+01 1.113100000000000062e-01 2.068000000000000060e+00 4.386229999999999851e-01 1.018058221205192559e+01
1.536402044611447160e+01 6.071000000000000701e-02 3.971999999999999975e+00 2.145900000000000238e-02 2.131370928824805500e+00
1.806464212756498000e+01 1.033899999999999958e-01 4.284000000000000696e+00 3.448110000000000341e-01 6.047531369741854235e+00
1.763649478782282642e+01 3.826999999999999846e-02 1.548000000000000043e+00 3.478050000000000308e-01 5.286058203715607640e+00
1.394784078389042570e+01 2.946999999999999620e-02 2.435999999999999943e+00 4.915169999999999817e-01 9.069088435299976325e+00
1.325621815815310001e+01 5.477000000000000618e-02 3.748000000000000220e+00 2.699610000000000065e-01 1.613981921046013923e+01
8.085515670497862573e+00 9.172999999999999210e-02 1.292000000000000037e+00 1.052910000000000096e-01 2.234550387587839282e+01
5.483697221295544821e+00 1.407000000000000091e-02 2.459999999999999964e+00 3.947110000000000340e-01 2.754174847655498937e+01
1.025918677995802497e+01 4.839000000000000246e-02 2.427999999999999936e+00 4.176650000000000085e-01 1.792891586005155347e+01
1.348675903339887583e+01 5.455000000000000820e-02 2.852000000000000313e+00 1.112790000000000029e-01 1.478736854268763246e+01
1.068733411970017855e+01 1.047099999999999975e-01 1.692000000000000171e+00 2.639730000000000132e-01 1.646792084993079186e+01
1.908560886079626684e+01 2.022999999999999798e-02 1.500000000000000000e+00 3.278449999999999975e-01 4.177986653785874971e+00
9.040613582230358602e+00 4.905000000000000332e-02 4.852000000000000313e+00 5.491000000000000221e-03 1.095633559244704358e+01
1.233405465717000027e+01 6.708999999999999686e-02 4.859999999999999432e+00 1.701610000000000067e-01 2.371315951240343622e+01
1.184003849592905411e+01 9.458999999999999353e-02 4.668000000000000149e+00 8.484999999999999487e-03 3.238949132517463081e+00
1.559456132136024742e+01 6.290999999999999370e-02 3.028000000000000025e+00 1.347500000000000087e-02 1.648923829229304916e+00
2.116047673800824214e+01 6.093000000000000499e-02 1.092000000000000082e+00 1.322369999999999934e-01 3.406008520619240532e+00
1.931614973604204266e+01 3.012999999999999706e-02 3.612000000000000099e+00 4.116770000000000151e-01 4.246144532526497706e+00
1.407957842688801087e+01 6.115000000000000296e-02 2.339999999999999858e+00 2.340330000000000188e-01 1.258017229404600812e+01
1.295980846140853160e+01 1.172499999999999931e-01 4.300000000000000711e+00 1.048100000000000073e-02 2.582108968355389056e+00
6.504663954526834324e+00 1.605000000000000177e-02 1.820000000000000062e+00 3.507990000000000275e-01 2.209302717331221189e+01
1.780116684156980611e+01 6.489000000000000323e-02 4.580000000000000071e+00 1.352310000000000179e-01 3.831901383430184715e+00
6.603467186775023201e+00 1.016299999999999981e-01 4.540000000000000036e+00 2.300410000000000232e-01 1.884056881996116672e+01
1.243285788941819092e+01 6.598999999999999311e-02 4.756000000000000227e+00 1.871269999999999878e-01 2.288559807771452981e+01
1.691193775133610444e+01 6.137000000000000788e-02 3.604000000000000092e+00 2.829350000000000476e-01 6.912306644805649825e+00
2.096287027351186083e+01 1.128500000000000059e-01 1.843999999999999861e+00 2.619770000000000154e-01 4.121854921325248888e+00
9.765170618717078810e+00 1.049299999999999955e-01 1.148000000000000131e+00 2.899209999999999843e-01 1.246907807994021589e+01
1.039092442295561192e+01 1.115300000000000041e-01 2.939999999999999947e+00 4.476050000000000306e-01 1.714808364948912001e+01
1.602270866110239922e+01 7.654999999999999305e-02 4.796000000000000263e+00 4.236530000000000018e-01 8.788482748084025076e+00
1.878919916405169843e+01 2.067000000000000087e-02 1.604000000000000092e+00 4.006990000000000274e-01 4.282059425638657046e+00
8.974744760731566018e+00 2.990999999999999909e-02 4.483999999999999986e+00 2.844500000000000153e-02 8.251857466607174274e+01
1.078613735194836920e+01 5.873000000000000442e-02 1.875999999999999890e+00 1.931150000000000089e-01 2.419760388716022703e+01
1.822931418131196324e+01 4.069000000000000394e-02 4.099999999999999645e+00 1.921170000000000100e-01 3.865908554366388472e+00
1.740595391257704705e+01 4.157000000000000278e-02 4.179999999999999716e+00 9.630900000000000571e-02 2.958965686078250279e+00
7.591499509256916411e+00 5.213000000000000272e-02 1.931999999999999940e+00 5.738700000000000051e-02 4.506853980728336495e+01
1.852572387805652454e+01 3.035000000000000198e-02 4.140000000000000568e+00 2.644900000000000376e-02 6.568828191155425822e-01
1.928321532529264459e+01 4.663000000000000478e-02 3.371999999999999886e+00 2.709590000000000054e-01 4.164714645651553582e+00
1.160949762068328006e+01 1.003099999999999964e-01 4.524000000000000021e+00 3.827349999999999919e-01 2.095461094886819708e+01
1.167536644218207087e+01 4.597000000000000391e-02 1.596000000000000085e+00 4.765470000000000539e-01 9.675299883864070694e+00
1.355262785489766841e+01 5.850999999999999951e-02 4.508000000000000007e+00 5.239700000000000607e-02 8.738357047168396008e+00
9.304088868225530717e+00 6.181000000000000383e-02 3.668000000000000149e+00 4.655690000000000106e-01 2.485521340575277804e+01
1.697780657283489347e+01 1.022899999999999920e-01 1.524000000000000021e+00 7.435300000000000242e-02 6.651705001076743784e+00
1.246579230016758544e+01 5.895000000000000240e-02 2.020000000000000018e+00 1.392230000000000134e-01 2.039502889177937561e+01
1.622031512559878053e+01 1.890999999999999973e-02 4.820000000000000284e+00 4.815369999999999928e-01 6.543043734176110959e+00
8.217253313495447742e+00 1.163699999999999873e-01 3.156000000000000139e+00 2.100809999999999900e-01 2.001104409044533483e+01
1.276220199691215385e+01 8.776999999999998692e-02 1.235999999999999988e+00 2.290429999999999966e-01 1.204863528896669678e+01
1.575923337510722888e+01 2.595000000000000084e-02 4.236000000000000654e+00 4.895209999999999839e-01 7.540059465093986724e+00
1.750475714482524126e+01 8.974999999999999645e-02 1.580000000000000071e+00 3.742700000000000887e-02 3.872608514629940490e+00
1.724128185883006736e+01 2.353000000000000230e-02 4.812000000000000277e+00 2.744700000000000265e-02 7.352214289555225601e-01
1.157656320993388377e+01 7.610999999999999710e-02 4.163999999999999702e+00 3.238530000000000020e-01 2.369114288892544451e+01
5.417828399796752237e+00 4.773000000000000853e-02 2.764000000000000234e+00 1.671670000000000100e-01 4.164316445988465887e+01
9.633432975719493641e+00 4.333000000000000046e-02 2.355999999999999872e+00 3.597809999999999619e-01 2.137545268320789305e+01
2.040298529077212208e+01 2.485000000000000056e-02 1.612000000000000099e+00 4.406189999999999829e-01 3.603044425507007986e+00
1.309154610440611854e+01 1.117500000000000021e-01 1.939999999999999947e+00 8.832500000000000073e-02 1.649657401733242423e+01
1.417838165913620152e+01 7.412999999999998757e-02 4.387999999999999901e+00 4.525950000000000251e-01 1.254449090721387527e+01
8.447794188741223564e+00 1.132900000000000018e-01 3.915999999999999925e+00 4.865269999999999873e-01 2.065946586395226703e+01
1.361849667639646100e+01 3.167000000000000370e-02 2.772000000000000242e+00 2.519970000000000265e-01 1.223557788395925705e+01
8.744203885485790195e+00 4.135000000000000481e-02 3.963999999999999968e+00 8.932299999999999962e-02 8.793769511097694647e+01
1.454066017737956074e+01 7.940999999999999448e-02 1.772000000000000020e+00 4.276449999999999974e-01 8.138317684427752496e+00
1.579216778585662517e+01 3.144999999999999879e-02 3.276000000000000245e+00 4.246510000000000007e-01 7.641348692678189281e+00
1.664846246534093055e+01 6.929000000000000437e-02 1.060000000000000053e+00 1.961090000000000055e-01 6.764530876129246195e+00
8.908875939232771657e+00 7.193000000000000782e-02 3.172000000000000153e+00 7.934299999999999686e-02 3.021094730720376376e+01
1.684606892983730830e+01 4.266999999999999960e-02 3.132000000000000117e+00 3.642900000000000305e-02 1.961735426702116536e+00
5.747172507290716048e+00 3.343000000000000138e-02 1.443999999999999950e+00 3.228550000000000031e-01 1.923696838148829258e+01
7.822040384502690458e+00 3.892999999999999933e-02 3.652000000000000135e+00 2.529950000000000254e-01 5.033704434406039496e+01
1.045679324445440628e+01 2.969000000000000111e-02 4.044000000000000483e+00 6.537099999999999855e-02 3.108027092481514231e+01
5.582500453543734587e+00 8.226999999999999591e-02 1.796000000000000041e+00 3.527949999999999697e-01 1.810295968342235540e+01
1.727421626957946188e+01 5.521000000000000907e-02 2.876000000000000334e+00 2.445300000000000251e-02 1.514959845731701060e+00
1.032505560145681933e+01 1.152699999999999975e-01 1.028000000000000025e+00 2.539930000000000243e-01 1.191496554917880424e+01
1.503467633862050690e+01 8.601000000000000312e-02 1.836000000000000076e+00 3.937130000000000352e-01 8.169008832869705472e+00
1.892093680704928360e+01 3.563000000000000195e-02 2.267999999999999794e+00 1.641730000000000134e-01 3.876242263962492274e+00
4.923812238555806076e+00 3.078999999999999793e-02 2.596000000000000085e+00 2.280449999999999977e-01 4.536152433831180275e+01
1.836105182430954841e+01 1.080099999999999949e-01 4.548000000000000043e+00 2.949109999999999787e-01 5.466853885183977191e+00
1.651672482234334538e+01 9.987000000000000044e-02 4.003999999999999559e+00 3.243700000000000055e-02 2.486461379462350241e+00
1.460652899887835332e+01 4.861000000000000043e-02 2.995999999999999996e+00 3.028949999999999698e-01 1.074001505050211591e+01
1.888800239629988909e+01 4.619000000000000189e-02 2.740000000000000213e+00 7.834499999999999797e-02 2.478967497357677185e+00
6.471729543777438032e+00 7.786999999999999478e-02 1.780000000000000027e+00 4.466070000000000317e-01 1.533323453357502331e+01
5.319025167548563360e+00 6.840999999999999859e-02 1.891999999999999904e+00 2.140729999999999855e-01 2.563872976664326586e+01
1.875626475330230392e+01 8.754999999999998894e-02 4.443999999999999950e+00 2.879250000000000420e-01 4.914810898651037263e+00
1.510054516011929948e+01 9.635000000000000508e-02 4.564000000000000057e+00 1.761490000000000000e-01 1.013725130452734824e+01
1.065439970895078403e+01 5.961000000000000326e-02 2.124000000000000110e+00 2.999009999999999732e-01 1.976146933833505059e+01
1.164243203143267635e+01 8.952999999999999847e-02 3.403999999999999915e+00 3.807389999999999941e-01 1.897429500338348873e+01
1.072026853044957662e+01 4.927000000000000129e-02 3.923999999999999932e+00 1.082849999999999924e-01 4.341955113246253006e+01
1.987603471878178141e+01 8.733000000000000485e-02 2.532000000000000028e+00 3.997010000000000285e-01 4.654693270334433031e+00
1.839398623505894292e+01 1.626999999999999974e-02 4.500000000000000000e+00 2.500009999999999732e-01 3.389350640714737573e+00
6.669336008273816674e+00 1.230999999999999976e-02 2.700000000000000178e+00 1.601809999999999901e-01 6.685137117509421500e+01
1.266339876466396319e+01 1.159299999999999914e-01 2.307999999999999829e+00 3.468070000000000319e-01 1.341780326348433050e+01
