(-5.69283e-07,3.95184e-07)
(2.53548e-06,3.69162e-06)
(1.84475e-06,-1.28058e-06)
(-2.40086e-06,-3.58536e-06)
(-5.52566e-07,-5.92541e-05)
(-0.000141333,-3.27907e-06)
(-9.00115e-07,6.24841e-07)
(4.00894e-06,5.83696e-06)
(1.30443e-06,-9.05509e-07)
(-1.69766e-06,-2.53523e-06)
(3.57025e-06,6.97083e-08)
(5.87389e-07,-2.88293e-05)
(1.01455e-07,5.12957e-08)
(4.08067e-07,-8.06856e-07)
(8.7453e-06,1.7075e-07)
(1.4388e-06,-7.0617e-05)
(2.15218e-07,1.08815e-07)
(8.65641e-07,-1.7116e-06)
(-9.8164e-07,7.81001e-07)
(3.04047e-06,3.93609e-06)
(3.14124e-06,-2.4992e-06)
(-3.03456e-06,-4.18061e-06)
(-2.51747e-06,-9.66823e-05)
(-0.000160407,-8.02456e-06)
(-1.55211e-06,1.23487e-06)
(4.8074e-06,6.2235e-06)
(2.22119e-06,-1.7672e-06)
(-2.14576e-06,-2.95614e-06)
(6.90556e-06,-7.24332e-07)
(-3.21669e-06,-3.15648e-05)
(2.38072e-07,7.23122e-08)
(3.02589e-07,-9.9445e-07)
(1.69151e-05,-1.77424e-06)
(-7.87925e-06,-7.73176e-05)
(5.05026e-07,1.53397e-07)
(6.41888e-07,-2.10955e-06)
(-1.39644e-06,1.23487e-06)
(3.50413e-06,4.19505e-06)
(4.42341e-06,-3.91162e-06)
(-3.62876e-06,-4.83982e-06)
(-6.58043e-06,-0.000131175)
(-0.000177689,-1.35192e-05)
(-2.20797e-06,1.9525e-06)
(5.54052e-06,6.63296e-06)
(3.12783e-06,-2.76593e-06)
(-2.56592e-06,-3.42227e-06)
(1.07156e-05,-2.12704e-06)
(-6.51153e-06,-3.40058e-05)
(4.23388e-07,7.25983e-08)
(2.00687e-07,-1.16132e-06)
(2.62477e-05,-5.21017e-06)
(-1.59499e-05,-8.32969e-05)
(8.98142e-07,1.54004e-07)
(4.25722e-07,-2.46353e-06)
(-1.68483e-06,1.59082e-06)
(3.82095e-06,4.38817e-06)
(5.30382e-06,-5.0079e-06)
(-4.03433e-06,-5.34756e-06)
(-1.09254e-05,-0.000153698)
(-0.000189034,-1.73888e-05)
(-2.66394e-06,2.51531e-06)
(6.04146e-06,6.93831e-06)
(3.75037e-06,-3.54112e-06)
(-2.8527e-06,-3.78129e-06)
(1.36326e-05,-3.47386e-06)
(-8.69123e-06,-3.56888e-05)
(5.82842e-07,5.70688e-08)
(1.27803e-07,-1.27585e-06)
(3.33928e-05,-8.50918e-06)
(-2.12891e-05,-8.74192e-05)
(1.23639e-06,1.21061e-07)
(2.71111e-07,-2.70648e-06)
(-2.2133e-06,2.34382e-06)
(4.41803e-06,4.77931e-06)
(6.89659e-06,-7.30327e-06)
(-4.78782e-06,-6.41353e-06)
(-2.28647e-05,-0.000192648)
(-0.000209229,-2.39694e-05)
(-3.49954e-06,3.7059e-06)
(6.98552e-06,7.55675e-06)
(4.87662e-06,-5.16419e-06)
(-3.3855e-06,-4.53505e-06)
(1.96208e-05,-6.85071e-06)
(-1.26932e-05,-3.89673e-05)
(9.5285e-07,-1.63883e-08)
(-1.81171e-08,-1.49816e-06)
(4.8061e-05,-1.67807e-05)
(-3.10919e-05,-9.54501e-05)
(2.0213e-06,-3.47649e-08)
(-3.84322e-08,-3.17808e-06)
(-2.59115e-06,2.98475e-06)
(4.8798e-06,5.09774e-06)
(8.0204e-06,-9.23869e-06)
(-5.35754e-06,-7.31742e-06)
(-3.53749e-05,-0.000219204)
(-0.000223875,-2.78746e-05)
(-4.09698e-06,4.7193e-06)
(7.71565e-06,8.06023e-06)
(5.67128e-06,-6.53274e-06)
(-3.78835e-06,-5.1742e-06)
(2.45355e-05,-1.01658e-05)
(-1.5716e-05,-4.16343e-05)
(1.29714e-06,-1.18972e-07)
(-1.39577e-07,-1.67912e-06)
(6.00994e-05,-2.49011e-05)
(-3.84963e-05,-0.000101983)
(2.75164e-06,-2.52377e-07)
(-2.96087e-07,-3.56196e-06)
(-3.73223e-06,6.27619e-06)
(7.01249e-06,6.54461e-06)
(1.1338e-05,-1.90662e-05)
(-7.91562e-06,-1.19206e-05)
(-0.0001198,-0.000301182)
(-0.000283747,-2.87181e-05)
(-5.90117e-06,9.92353e-06)
(1.10877e-05,1.03479e-05)
(8.01715e-06,-1.34818e-05)
(-5.59719e-06,-8.42916e-06)
(4.72639e-05,-3.13919e-05)
(-2.88541e-05,-5.54719e-05)
(3.38778e-06,-1.17075e-06)
(-8.01249e-07,-2.6577e-06)
(0.000115772,-7.68942e-05)
(-7.06778e-05,-0.000135878)
(7.18656e-06,-2.48353e-06)
(-1.69971e-06,-5.63783e-06)
(-3.73356e-06,6.28404e-06)
(7.01744e-06,6.54768e-06)
(1.13417e-05,-1.90895e-05)
(-7.92163e-06,-1.19315e-05)
(-0.000120028,-0.000301301)
(-0.000283874,-2.86892e-05)
(-5.90327e-06,9.93594e-06)
(1.10955e-05,1.03528e-05)
(8.01981e-06,-1.34983e-05)
(-5.60144e-06,-8.43686e-06)
(4.73131e-05,-3.1449e-05)
(-2.88827e-05,-5.55063e-05)
(3.39331e-06,-1.17427e-06)
(-8.02958e-07,-2.66027e-06)
(0.000115893,-7.70339e-05)
(-7.07479e-05,-0.000135962)
(7.1983e-06,-2.49099e-06)
(-1.70333e-06,-5.64328e-06)
(-8.41347e-07,5.84045e-07)
(3.07266e-06,4.48416e-06)
(4.25945e-07,4.5676e-05)
(8.87322e-05,2.71617e-06)
(4.20673e-07,-2.92023e-07)
(-1.53633e-06,-2.24208e-06)
(-1.26378e-06,8.77292e-07)
(1.17858e-06,1.78468e-06)
(9.75985e-06,1.90559e-07)
(1.15038e-06,-5.54884e-05)
(2.23359e-07,1.12931e-07)
(5.10613e-07,-1.00939e-06)
(-1.46101e-06,1.16239e-06)
(3.7647e-06,4.9023e-06)
(1.9411e-06,7.45471e-05)
(0.000103145,6.72211e-06)
(7.30503e-07,-5.81194e-07)
(-1.88235e-06,-2.45115e-06)
(-2.15377e-06,1.71356e-06)
(1.53555e-06,2.18129e-06)
(1.87819e-05,-1.97006e-06)
(-6.26789e-06,-6.21981e-05)
(5.21471e-07,1.58392e-07)
(3.93224e-07,-1.29075e-06)
(-2.09064e-06,1.84875e-06)
(4.41375e-06,5.33923e-06)
(5.07613e-06,0.000101188)
(0.000116254,1.14729e-05)
(1.04532e-06,-9.24375e-07)
(-2.20687e-06,-2.66961e-06)
(-3.03618e-06,2.68489e-06)
(1.87467e-06,2.62532e-06)
(2.90233e-05,-5.76113e-06)
(-1.29259e-05,-6.83738e-05)
(9.235e-07,1.58352e-07)
(2.70049e-07,-1.55511e-06)
(-2.53183e-06,2.39057e-06)
(4.86301e-06,5.66345e-06)
(8.43119e-06,0.00011861)
(0.000124892,1.49109e-05)
(1.26591e-06,-1.19528e-06)
(-2.43151e-06,-2.83173e-06)
(-3.64371e-06,3.44042e-06)
(2.10714e-06,2.97006e-06)
(3.68281e-05,-9.38456e-06)
(-1.74365e-05,-7.26988e-05)
(1.26796e-06,1.24152e-07)
(1.76924e-07,-1.74296e-06)
(-3.34759e-06,3.54499e-06)
(5.71969e-06,6.31971e-06)
(1.76611e-05,0.000148804)
(0.000140352,2.10376e-05)
(1.67379e-06,-1.77249e-06)
(-2.85984e-06,-3.15986e-06)
(-4.74714e-06,5.02707e-06)
(2.53931e-06,3.70045e-06)
(5.27715e-05,-1.84254e-05)
(-2.5904e-05,-8.1219e-05)
(2.06359e-06,-3.54923e-08)
(-1.98878e-08,-2.11961e-06)
(-3.93695e-06,4.53497e-06)
(6.38953e-06,6.85578e-06)
(2.73465e-05,0.000169455)
(0.000151656,2.50037e-05)
(1.96847e-06,-2.26748e-06)
(-3.19476e-06,-3.42789e-06)
(-5.53004e-06,6.37005e-06)
(2.86556e-06,4.32614e-06)
(6.57899e-05,-2.72588e-05)
(-3.24311e-05,-8.82032e-05)
(2.8005e-06,-2.56858e-07)
(-1.92229e-07,-2.43553e-06)
(-5.76631e-06,9.69674e-06)
(9.54413e-06,9.34422e-06)
(9.30227e-05,0.000233862)
(0.000199057,3.07584e-05)
(2.88315e-06,-4.84837e-06)
(-4.77207e-06,-4.67211e-06)
(-7.88809e-06,1.32648e-05)
(4.33529e-06,7.59664e-06)
(0.000125406,-8.32929e-05)
(-6.16144e-05,-0.000124684)
(7.23472e-06,-2.50017e-06)
(-1.21195e-06,-4.23123e-06)
(-5.76854e-06,9.70917e-06)
(9.55155e-06,9.34963e-06)
(9.32003e-05,0.000233957)
(0.00019916,3.07481e-05)
(2.88427e-06,-4.85459e-06)
(-4.77578e-06,-4.67482e-06)
(-7.89088e-06,1.32813e-05)
(4.33879e-06,7.60455e-06)
(0.000125534,-8.34426e-05)
(-6.16789e-05,-0.000124775)
(7.2464e-06,-2.50764e-06)
(-1.2147e-06,-4.23608e-06)
(-1.02934e-07,5.16582e-08)
(1.69642e-06,3.38171e-06)
(3.41624e-07,-1.71447e-07)
(-1.44219e-06,-2.87846e-06)
(-3.97575e-09,-1.16977e-05)
(-0.000113664,-1.41477e-07)
(-1.62753e-07,8.16787e-08)
(2.68227e-06,5.34695e-06)
(2.41565e-07,-1.21231e-07)
(-1.01978e-06,-2.03538e-06)
(4.85304e-07,1.60006e-07)
(7.73099e-06,-2.34468e-05)
(7.77401e-09,9.8938e-09)
(5.63812e-07,-4.43011e-07)
(1.18875e-06,3.91934e-07)
(1.8937e-05,-5.74326e-05)
(1.64912e-08,2.09879e-08)
(1.19603e-06,-9.39769e-07)
(-1.96626e-08,7.80062e-09)
(1.30032e-06,3.27769e-06)
(6.60179e-08,-2.61909e-08)
(-1.0523e-06,-2.65267e-06)
(-3.00128e-11,-2.31267e-06)
(-0.000104193,-5.70084e-09)
(-3.10893e-08,1.23339e-08)
(2.05598e-06,5.18249e-06)
(4.66817e-08,-1.85198e-08)
(-7.44089e-07,-1.87572e-06)
(7.46725e-08,4.29916e-08)
(1.15268e-05,-2.0021e-05)
(6.21825e-10,1.70549e-09)
(6.08872e-07,-2.21995e-07)
(1.8291e-07,1.05307e-07)
(2.82348e-05,-4.90413e-05)
(1.31909e-09,3.6179e-09)
(1.29161e-06,-4.70924e-07)
(-1.16638e-08,4.3408e-09)
(1.2126e-06,3.25831e-06)
(3.92577e-08,-1.46101e-08)
(-9.71651e-07,-2.61092e-06)
(-6.36463e-12,-1.38115e-06)
(-0.00010244,-2.04432e-09)
(-1.84421e-08,6.8634e-09)
(1.9173e-06,5.15185e-06)
(2.77594e-08,-1.03309e-08)
(-6.87061e-07,-1.8462e-06)
(4.17181e-08,2.70153e-08)
(1.23893e-05,-1.9132e-05)
(2.64847e-10,9.73174e-10)
(6.12575e-07,-1.66711e-07)
(1.02188e-07,6.61737e-08)
(3.03474e-05,-4.68636e-05)
(5.61825e-10,2.06441e-09)
(1.29947e-06,-3.53647e-07)
(-1.5017e-07,7.5364e-08)
(1.97288e-06,3.93324e-06)
(3.06541e-09,9.01925e-06)
(6.79661e-05,1.15769e-07)
(7.5085e-08,-3.7682e-08)
(-9.86441e-07,-1.96662e-06)
(-2.33948e-07,1.17409e-07)
(6.61526e-07,1.32141e-06)
(1.33943e-06,4.41613e-07)
(1.42703e-05,-4.32779e-05)
(1.7279e-08,2.19906e-08)
(6.59661e-07,-5.18322e-07)
(-2.8509e-08,1.13102e-08)
(1.48274e-06,3.73755e-06)
(2.31502e-11,1.78386e-06)
(6.09326e-05,4.64955e-09)
(1.42545e-08,-5.65511e-09)
(-7.41371e-07,-1.86877e-06)
(-4.52227e-08,1.79409e-08)
(4.66403e-07,1.17577e-06)
(2.07059e-07,1.19211e-07)
(2.08645e-05,-3.62397e-05)
(1.38851e-09,3.80831e-09)
(6.90158e-07,-2.51632e-07)
(-1.68895e-08,6.28558e-09)
(1.37703e-06,3.70015e-06)
(4.90986e-12,1.06546e-06)
(5.96372e-05,1.6664e-09)
(8.44474e-09,-3.14279e-09)
(-6.88517e-07,-1.85007e-06)
(-2.68943e-08,1.0009e-08)
(4.27579e-07,1.14896e-06)
(1.15795e-07,7.49848e-08)
(2.2334e-05,-3.4489e-05)
(5.91974e-10,2.17519e-09)
(6.89744e-07,-1.87712e-07)
(-3.50473e-06,5.24978e-06)
(6.3651e-06,6.12739e-06)
(1.06877e-05,-1.60093e-05)
(-7.13739e-06,-1.04921e-05)
(-9.08796e-05,-0.000282984)
(-0.000266701,-3.13699e-05)
(-5.54147e-06,8.30064e-06)
(1.00641e-05,9.68826e-06)
(7.55737e-06,-1.13203e-05)
(-5.0469e-06,-7.41906e-06)
(4.06242e-05,-2.41624e-05)
(-2.50282e-05,-5.10476e-05)
(2.6847e-06,-7.51459e-07)
(-5.83941e-07,-2.33379e-06)
(9.95085e-05,-5.91857e-05)
(-6.13063e-05,-0.000125041)
(5.69512e-06,-1.59408e-06)
(-1.23873e-06,-4.95073e-06)
(-3.87161e-06,7.60877e-06)
(7.85906e-06,7.03916e-06)
(1.17256e-05,-2.3044e-05)
(-8.96608e-06,-1.37698e-05)
(-0.000159535,-0.00031743)
(-0.000304714,-2.20804e-05)
(-6.12155e-06,1.20305e-05)
(1.24263e-05,1.11299e-05)
(8.29124e-06,-1.62946e-05)
(-6.33997e-06,-9.73674e-06)
(5.52704e-05,-4.14343e-05)
(-3.36145e-05,-6.14241e-05)
(4.36207e-06,-1.83777e-06)
(-1.10287e-06,-3.11729e-06)
(0.000135384,-0.000101493)
(-8.23383e-05,-0.000150458)
(9.25335e-06,-3.89851e-06)
(-2.33953e-06,-6.61276e-06)
(-3.5439e-06,1.07176e-05)
(9.95372e-06,7.97662e-06)
(1.07283e-05,-3.24447e-05)
(-1.18449e-05,-1.81002e-05)
(-0.000258423,-0.000328679)
(-0.000350343,5.778e-06)
(-5.6034e-06,1.6946e-05)
(1.57382e-05,1.26121e-05)
(7.58603e-06,-2.29419e-05)
(-8.37563e-06,-1.27988e-05)
(7.11338e-05,-6.74193e-05)
(-4.42876e-05,-7.63023e-05)
(6.89533e-06,-3.96257e-06)
(-1.90784e-06,-4.42391e-06)
(0.000174242,-0.000165143)
(-0.000108482,-0.000186902)
(1.46272e-05,-8.40588e-06)
(-4.04715e-06,-9.38453e-06)
(-2.57137e-06,1.32742e-05)
(1.1907e-05,8.49402e-06)
(7.82751e-06,-4.04081e-05)
(-1.49947e-05,-2.174e-05)
(-0.000343961,-0.000312944)
(-0.000385273,4.14595e-05)
(-4.06569e-06,2.09884e-05)
(1.88266e-05,1.34302e-05)
(5.53488e-06,-2.85729e-05)
(-1.06029e-05,-1.53725e-05)
(8.09164e-05,-9.1518e-05)
(-5.32144e-05,-8.96636e-05)
(9.26822e-06,-6.40224e-06)
(-2.69909e-06,-5.84812e-06)
(0.000198204,-0.000224172)
(-0.000130348,-0.00021963)
(1.96609e-05,-1.35812e-05)
(-5.72564e-06,-1.24057e-05)
(-6.01893e-07,1.61129e-05)
(1.44855e-05,8.71755e-06)
(1.85526e-06,-4.96658e-05)
(-1.99183e-05,-2.59469e-05)
(-0.000442592,-0.000267374)
(-0.000421159,9.73868e-05)
(-9.51677e-07,2.54767e-05)
(2.29036e-05,1.37836e-05)
(1.31187e-06,-3.5119e-05)
(-1.40844e-05,-1.83472e-05)
(8.74787e-05,-0.000122009)
(-6.435e-05,-0.000105984)
(1.22848e-05,-1.01157e-05)
(-3.76422e-06,-8.01599e-06)
(0.000214278,-0.000298859)
(-0.000157625,-0.000259606)
(2.606e-05,-2.14586e-05)
(-7.98511e-06,-1.70045e-05)
(-5.39097e-06,8.07521e-06)
(8.57722e-06,8.61498e-06)
(7.04676e-05,0.000219424)
(0.000185338,3.1216e-05)
(2.69549e-06,-4.0376e-06)
(-4.28861e-06,-4.30749e-06)
(-7.41461e-06,1.11064e-05)
(3.88485e-06,6.56679e-06)
(0.000108078,-6.42824e-05)
(-5.30195e-05,-0.000113)
(5.74932e-06,-1.60926e-06)
(-8.66205e-07,-3.62484e-06)
(-6.01197e-06,1.18152e-05)
(1.08194e-05,1.02262e-05)
(0.000124102,0.000246928)
(0.0002162,2.76482e-05)
(3.00598e-06,-5.90758e-06)
(-5.40971e-06,-5.11311e-06)
(-8.1882e-06,1.60921e-05)
(4.95316e-06,8.95016e-06)
(0.000146218,-0.000109615)
(-7.23745e-05,-0.000140417)
(9.28651e-06,-3.91248e-06)
(-1.70264e-06,-5.10486e-06)
(-5.55736e-06,1.68067e-05)
(1.40229e-05,1.19841e-05)
(0.000201886,0.000256771)
(0.000254605,1.04957e-05)
(2.77868e-06,-8.40337e-06)
(-7.01143e-06,-5.99203e-06)
(-7.55846e-06,2.28585e-05)
(6.71527e-06,1.22133e-05)
(0.000187184,-0.000177409)
(-9.66723e-05,-0.000179822)
(1.45969e-05,-8.38847e-06)
(-3.04856e-06,-7.64203e-06)
(-4.05967e-06,2.09573e-05)
(1.70639e-05,1.30743e-05)
(0.000269669,0.000245351)
(0.000285183,-1.39579e-05)
(2.02983e-06,-1.04787e-05)
(-8.53197e-06,-6.53714e-06)
(-5.55668e-06,2.86854e-05)
(8.74256e-06,1.50646e-05)
(0.000212222,-0.000240028)
(-0.000117157,-0.00021535)
(1.95512e-05,-1.35054e-05)
(-4.39711e-06,-1.04595e-05)
(-9.56731e-07,2.5612e-05)
(2.11456e-05,1.37866e-05)
(0.000348432,0.000210492)
(0.000318112,-5.44097e-05)
(4.78366e-07,-1.2806e-05)
(-1.05728e-05,-6.89332e-06)
(-1.32893e-06,3.55758e-05)
(1.20526e-05,1.85031e-05)
(0.00022876,-0.000319057)
(-0.000143001,-0.000259029)
(2.58343e-05,-2.12728e-05)
(-6.22592e-06,-1.48048e-05)
(-4.78781e-07,3.1973e-07)
(2.41067e-06,3.63778e-06)
(1.55668e-06,-1.03955e-06)
(-2.24896e-06,-3.45845e-06)
(-3.3876e-07,-5.05251e-05)
(-0.000136747,-2.42833e-06)
(-7.57019e-07,5.05537e-07)
(3.8116e-06,5.75183e-06)
(1.10074e-06,-7.35071e-07)
(-1.59025e-06,-2.4455e-06)
(2.90466e-06,1.61078e-07)
(1.57559e-06,-2.81191e-05)
(7.78237e-08,4.44592e-08)
(4.33238e-07,-7.5823e-07)
(7.11494e-06,3.9456e-07)
(3.85938e-06,-6.88775e-05)
(1.65089e-07,9.43121e-08)
(9.19036e-07,-1.60845e-06)
(-8.03478e-07,6.06177e-07)
(2.83121e-06,3.82973e-06)
(2.58405e-06,-1.94952e-06)
(-2.7691e-06,-3.91805e-06)
(-1.44809e-06,-8.09471e-05)
(-0.000152465,-5.83529e-06)
(-1.27041e-06,9.5845e-07)
(4.47654e-06,6.05534e-06)
(1.8272e-06,-1.37852e-06)
(-1.95805e-06,-2.77048e-06)
(5.4069e-06,-3.07276e-07)
(-1.67368e-06,-3.04502e-05)
(1.73303e-07,6.54425e-08)
(3.46965e-07,-9.18027e-07)
(1.32442e-05,-7.52668e-07)
(-4.09966e-06,-7.45875e-05)
(3.67632e-07,1.38824e-07)
(7.36023e-07,-1.94743e-06)
(-1.19736e-06,1.00879e-06)
(3.28413e-06,4.06838e-06)
(3.81052e-06,-3.21041e-06)
(-3.34638e-06,-4.51406e-06)
(-4.3345e-06,-0.000114963)
(-0.000169571,-1.08422e-05)
(-1.8932e-06,1.59504e-06)
(5.19266e-06,6.43267e-06)
(2.69445e-06,-2.27011e-06)
(-2.36624e-06,-3.19192e-06)
(8.83133e-06,-1.3777e-06)
(-4.96646e-06,-3.28482e-05)
(3.28277e-07,7.54429e-08)
(2.4969e-07,-1.08229e-06)
(2.16323e-05,-3.37465e-06)
(-1.21653e-05,-8.04613e-05)
(6.96381e-07,1.60039e-07)
(5.29673e-07,-2.29588e-06)
(-1.73703e-06,1.65909e-06)
(3.87857e-06,4.42451e-06)
(5.46231e-06,-5.2172e-06)
(-4.10777e-06,-5.44451e-06)
(-1.18625e-05,-0.000157668)
(-0.00019105,-1.80768e-05)
(-2.74649e-06,2.62324e-06)
(6.13257e-06,6.99577e-06)
(3.86244e-06,-3.68912e-06)
(-2.90463e-06,-3.84985e-06)
(1.41854e-05,-3.75254e-06)
(-9.08288e-06,-3.59982e-05)
(6.14649e-07,5.26251e-08)
(1.14229e-07,-1.29686e-06)
(3.4747e-05,-9.19181e-06)
(-2.22484e-05,-8.81772e-05)
(1.30387e-06,1.11635e-07)
(2.42315e-07,-2.75106e-06)
(-2.08302e-06,2.14452e-06)
(4.2671e-06,4.67771e-06)
(6.50627e-06,-6.69838e-06)
(-4.59906e-06,-6.13196e-06)
(-1.93831e-05,-0.000183277)
(-0.000204266,-2.24432e-05)
(-3.29354e-06,3.39079e-06)
(6.74688e-06,7.39612e-06)
(4.60063e-06,-4.73647e-06)
(-3.25203e-06,-4.33595e-06)
(1.8059e-05,-5.89663e-06)
(-1.16924e-05,-3.8122e-05)
(8.51024e-07,8.16174e-09)
(1.99075e-08,-1.44089e-06)
(4.42353e-05,-1.44437e-05)
(-2.86405e-05,-9.33795e-05)
(1.80529e-06,1.73137e-08)
(4.22301e-08,-3.05658e-06)
(-2.08345e-06,2.14516e-06)
(4.26759e-06,4.67804e-06)
(6.50756e-06,-6.70032e-06)
(-4.59968e-06,-6.13286e-06)
(-1.93939e-05,-0.000183309)
(-0.000204283,-2.24484e-05)
(-3.29422e-06,3.3918e-06)
(6.74766e-06,7.39664e-06)
(4.60154e-06,-4.73785e-06)
(-3.25247e-06,-4.33659e-06)
(1.8064e-05,-5.89964e-06)
(-1.16957e-05,-3.81248e-05)
(8.51347e-07,8.08853e-09)
(1.97847e-08,-1.44107e-06)
(4.42476e-05,-1.44511e-05)
(-2.86485e-05,-9.33862e-05)
(1.80598e-06,1.71584e-08)
(4.19698e-08,-3.05697e-06)
(-2.65951e-06,3.11256e-06)
(4.96851e-06,5.15979e-06)
(8.22243e-06,-9.62313e-06)
(-5.46569e-06,-7.4974e-06)
(-3.80818e-05,-0.000223935)
(-0.000226604,-2.84795e-05)
(-4.20505e-06,4.92139e-06)
(7.85591e-06,8.15834e-06)
(5.81414e-06,-6.80458e-06)
(-3.86483e-06,-5.30146e-06)
(2.54961e-05,-1.08674e-05)
(-1.62902e-05,-4.21611e-05)
(1.36865e-06,-1.43618e-07)
(-1.63817e-07,-1.71498e-06)
(6.24525e-05,-2.66196e-05)
(-3.99027e-05,-0.000103273)
(2.90334e-06,-3.04661e-07)
(-3.47509e-07,-3.63802e-06)
(-2.80761e-06,3.40479e-06)
(5.16808e-06,5.29988e-06)
(8.65885e-06,-1.05006e-05)
(-5.70767e-06,-7.90856e-06)
(-4.45036e-05,-0.000234141)
(-0.000232653,-2.96584e-05)
(-4.43923e-06,5.38344e-06)
(8.17146e-06,8.37984e-06)
(6.12273e-06,-7.42502e-06)
(-4.03593e-06,-5.5922e-06)
(2.76686e-05,-1.25172e-05)
(-1.75743e-05,-4.33638e-05)
(1.53549e-06,-2.05074e-07)
(-2.19439e-07,-1.79706e-06)
(6.7774e-05,-3.06607e-05)
(-4.3048e-05,-0.000106219)
(3.25726e-06,-4.35028e-07)
(-4.655e-07,-3.81213e-06)
(-2.96619e-06,3.74488e-06)
(5.39558e-06,5.45981e-06)
(9.12413e-06,-1.15194e-05)
(-5.98153e-06,-8.38644e-06)
(-5.23501e-05,-0.00024504)
(-0.000239405,-3.06893e-05)
(-4.68996e-06,5.92118e-06)
(8.53116e-06,8.63272e-06)
(6.45173e-06,-8.14546e-06)
(-4.22958e-06,-5.93011e-06)
(3.01553e-05,-1.45119e-05)
(-1.90247e-05,-4.47639e-05)
(1.73525e-06,-2.85408e-07)
(-2.84679e-07,-1.89308e-06)
(7.38651e-05,-3.55467e-05)
(-4.66008e-05,-0.000109649)
(3.68102e-06,-6.05442e-07)
(-6.03895e-07,-4.01582e-06)
(-3.11903e-06,4.10592e-06)
(5.63267e-06,5.62596e-06)
(9.57056e-06,-1.25988e-05)
(-6.26521e-06,-8.89296e-06)
(-6.1071e-05,-0.000255573)
(-0.000246293,-3.14061e-05)
(-4.93161e-06,6.49203e-06)
(8.90604e-06,8.89542e-06)
(6.76741e-06,-8.90869e-06)
(-4.43017e-06,-6.28827e-06)
(3.27462e-05,-1.67106e-05)
(-2.05204e-05,-4.62551e-05)
(1.95357e-06,-3.80898e-07)
(-3.54735e-07,-1.99606e-06)
(8.02116e-05,-4.09325e-05)
(-5.02646e-05,-0.000113301)
(4.14416e-06,-8.08007e-07)
(-7.52506e-07,-4.23428e-06)
(-3.24103e-06,4.42416e-06)
(5.83875e-06,5.76928e-06)
(9.92548e-06,-1.35488e-05)
(-6.51084e-06,-9.33872e-06)
(-6.90559e-05,-0.000264057)
(-0.000252163,-3.17347e-05)
(-5.12452e-06,6.99521e-06)
(9.23188e-06,9.12204e-06)
(7.01838e-06,-9.58042e-06)
(-4.60386e-06,-6.60347e-06)
(3.49885e-05,-1.8713e-05)
(-2.18066e-05,-4.75764e-05)
(2.15112e-06,-4.73673e-07)
(-4.17308e-07,-2.08805e-06)
(8.57039e-05,-4.58373e-05)
(-5.34151e-05,-0.000116538)
(4.56322e-06,-1.00481e-06)
(-8.85244e-07,-4.42942e-06)
(-3.46556e-06,5.11093e-06)
(6.27716e-06,6.06856e-06)
(1.0575e-05,-1.55957e-05)
(-7.03257e-06,-1.02985e-05)
(-8.71087e-05,-0.000280089)
(-0.000264316,-3.15477e-05)
(-5.47953e-06,8.08109e-06)
(9.92506e-06,9.59524e-06)
(7.47763e-06,-1.10278e-05)
(-4.97278e-06,-7.28211e-06)
(3.96947e-05,-2.32217e-05)
(-2.44966e-05,-5.04589e-05)
(2.59291e-06,-7.01018e-07)
(-5.55443e-07,-2.29165e-06)
(9.72317e-05,-5.68814e-05)
(-6.00042e-05,-0.000123598)
(5.50039e-06,-1.48708e-06)
(-1.17827e-06,-4.86132e-06)
(-3.55986e-06,5.45883e-06)
(6.49721e-06,6.2149e-06)
(1.08461e-05,-1.66318e-05)
(-7.29514e-06,-1.07835e-05)
(-9.66255e-05,-0.000287137)
(-0.000270252,-3.10179e-05)
(-5.62864e-06,8.63117e-06)
(1.0273e-05,9.82662e-06)
(7.66935e-06,-1.17605e-05)
(-5.15844e-06,-7.6251e-06)
(4.20095e-05,-2.55961e-05)
(-2.58216e-05,-5.19382e-05)
(2.82442e-06,-8.30223e-07)
(-6.27232e-07,-2.39795e-06)
(0.000102902,-6.26974e-05)
(-6.32498e-05,-0.000127222)
(5.99151e-06,-1.76117e-06)
(-1.33056e-06,-5.08681e-06)
(-3.60792e-06,5.65702e-06)
(6.62224e-06,6.29667e-06)
(1.09838e-05,-1.7222e-05)
(-7.44483e-06,-1.10595e-05)
(-0.000102145,-0.000290856)
(-0.000273579,-3.0593e-05)
(-5.70463e-06,8.94453e-06)
(1.04707e-05,9.9559e-06)
(7.76672e-06,-1.21778e-05)
(-5.26429e-06,-7.82027e-06)
(4.33073e-05,-2.69741e-05)
(-2.65666e-05,-5.27873e-05)
(2.95855e-06,-9.08028e-07)
(-6.68716e-07,-2.45958e-06)
(0.000106081,-6.60728e-05)
(-6.50746e-05,-0.000129302)
(6.27602e-06,-1.92622e-06)
(-1.41856e-06,-5.21756e-06)
(-3.77366e-06,6.54087e-06)
(7.17955e-06,6.64711e-06)
(1.1455e-05,-1.9855e-05)
(-8.1193e-06,-1.22882e-05)
(-0.000127519,-0.000305032)
(-0.000288002,-2.76742e-05)
(-5.96668e-06,1.0342e-05)
(1.13519e-05,1.051e-05)
(8.09994e-06,-1.40396e-05)
(-5.74121e-06,-8.6891e-06)
(4.89097e-05,-3.33302e-05)
(-2.98155e-05,-5.66348e-05)
(3.57587e-06,-1.29214e-06)
(-8.59319e-07,-2.74517e-06)
(0.000119804,-8.1642e-05)
(-7.30327e-05,-0.000138726)
(7.58557e-06,-2.74105e-06)
(-1.82289e-06,-5.82339e-06)
(-3.85991e-06,7.38109e-06)
(7.71317e-06,6.95849e-06)
(1.16946e-05,-2.2363e-05)
(-8.78146e-06,-1.34541e-05)
(-0.000152602,-0.00031519)
(-0.000301206,-2.34531e-05)
(-6.10305e-06,1.16705e-05)
(1.21956e-05,1.10023e-05)
(8.26935e-06,-1.5813e-05)
(-6.20943e-06,-9.51346e-06)
(5.39522e-05,-3.96695e-05)
(-3.28139e-05,-6.03896e-05)
(4.19082e-06,-1.71388e-06)
(-1.04965e-06,-3.0352e-06)
(0.000132155,-9.71701e-05)
(-8.03773e-05,-0.000147924)
(8.89008e-06,-3.63569e-06)
(-2.22665e-06,-6.43864e-06)
(-3.88023e-06,7.99444e-06)
(8.10784e-06,7.17219e-06)
(1.17455e-05,-2.41992e-05)
(-9.28496e-06,-1.43048e-05)
(-0.000171394,-0.000320754)
(-0.000310595,-1.95402e-05)
(-6.13518e-06,1.26403e-05)
(1.28196e-05,1.13402e-05)
(8.30529e-06,-1.71114e-05)
(-6.56546e-06,-1.0115e-05)
(5.74561e-05,-4.44679e-05)
(-3.49611e-05,-6.31931e-05)
(4.65658e-06,-2.05711e-06)
(-1.19466e-06,-3.26e-06)
(0.000140738,-0.000108924)
(-8.56367e-05,-0.000154791)
(9.87809e-06,-4.36379e-06)
(-2.53426e-06,-6.91551e-06)
(-7.06294e-07,4.71662e-07)
(2.90461e-06,4.39069e-06)
(2.61127e-07,3.89464e-05)
(8.5276e-05,2.00683e-06)
(3.53147e-07,-2.35831e-07)
(-1.45231e-06,-2.19535e-06)
(-1.06628e-06,7.12064e-07)
(1.09428e-06,1.70079e-06)
(7.95101e-06,4.40924e-07)
(3.02767e-06,-5.37953e-05)
(1.71564e-07,9.80111e-08)
(5.36902e-07,-9.39529e-07)
(-1.19246e-06,8.9964e-07)
(3.47579e-06,4.72138e-06)
(1.11639e-06,6.24056e-05)
(9.71371e-05,4.86371e-06)
(5.96229e-07,-4.4982e-07)
(-1.73789e-06,-2.36069e-06)
(-1.77103e-06,1.33614e-06)
(1.38532e-06,2.00596e-06)
(1.47357e-05,-8.37436e-07)
(-3.22269e-06,-5.94318e-05)
(3.80379e-07,1.43638e-07)
(4.43965e-07,-1.17395e-06)
(-1.78771e-06,1.50617e-06)
(4.10439e-06,5.12597e-06)
(3.34284e-06,8.86618e-05)
(0.00011009,9.14162e-06)
(8.93855e-07,-7.53084e-07)
(-2.0522e-06,-2.56298e-06)
(-2.61406e-06,2.20238e-06)
(1.71318e-06,2.40535e-06)
(2.39658e-05,-3.73869e-06)
(-9.77835e-06,-6.54278e-05)
(7.17432e-07,1.64876e-07)
(3.30378e-07,-1.42841e-06)
(-2.61199e-06,2.49478e-06)
(4.94515e-06,5.7244e-06)
(9.15511e-06,0.000121683)
(0.00012643,1.55323e-05)
(1.306e-06,-1.24739e-06)
(-2.47258e-06,-2.8622e-06)
(-3.75324e-06,3.58482e-06)
(2.14927e-06,3.03614e-06)
(3.83042e-05,-1.01328e-05)
(-1.8255e-05,-7.34984e-05)
(1.33654e-06,1.14432e-07)
(1.59168e-07,-1.77793e-06)
(-3.14559e-06,3.23847e-06)
(5.50204e-06,6.14913e-06)
(1.4968e-05,0.000141531)
(0.000136541,1.9573e-05)
(1.5728e-06,-1.61923e-06)
(-2.75102e-06,-3.07456e-06)
(-4.47614e-06,4.60831e-06)
(2.4311e-06,3.50671e-06)
(4.86224e-05,-1.58762e-05)
(-2.37662e-05,-7.90135e-05)
(1.84507e-06,1.76951e-08)
(3.25853e-08,-2.02124e-06)
(-3.14626e-06,3.23945e-06)
(5.50275e-06,6.14968e-06)
(1.49764e-05,0.000141555)
(0.000136553,1.95779e-05)
(1.57313e-06,-1.61973e-06)
(-2.75138e-06,-3.07484e-06)
(-4.47704e-06,4.60965e-06)
(2.43145e-06,3.50733e-06)
(4.86358e-05,-1.58843e-05)
(-2.37732e-05,-7.90207e-05)
(1.84576e-06,1.75363e-08)
(3.24171e-08,-2.02156e-06)
(-4.04417e-06,4.73309e-06)
(6.51883e-06,6.96056e-06)
(2.9444e-05,0.000173142)
(0.000153773,2.56645e-05)
(2.02208e-06,-2.36655e-06)
(-3.25942e-06,-3.48028e-06)
(-5.67128e-06,6.63738e-06)
(2.92744e-06,4.45139e-06)
(6.83284e-05,-2.91242e-05)
(-3.36816e-05,-8.95865e-05)
(2.95324e-06,-3.09896e-07)
(-2.27393e-07,-2.49895e-06)
(-4.27717e-06,5.18691e-06)
(6.81043e-06,7.19759e-06)
(3.44225e-05,0.000181102)
(0.000158477,2.70216e-05)
(2.13858e-06,-2.59346e-06)
(-3.40521e-06,-3.5988e-06)
(-5.97697e-06,7.24825e-06)
(3.06582e-06,4.73833e-06)
(7.40622e-05,-3.35054e-05)
(-3.64889e-05,-9.27472e-05)
(3.30918e-06,-4.41961e-07)
(-3.0893e-07,-2.64502e-06)
(-4.52779e-06,5.71644e-06)
(7.14393e-06,7.4691e-06)
(4.05098e-05,0.000189618)
(0.000163752,2.83427e-05)
(2.2639e-06,-2.85822e-06)
(-3.57197e-06,-3.73455e-06)
(-6.30391e-06,7.95882e-06)
(3.22239e-06,5.07324e-06)
(8.06139e-05,-3.87945e-05)
(-3.96766e-05,-9.64312e-05)
(3.7347e-06,-6.14271e-07)
(-4.05954e-07,-2.81738e-06)
(-4.77061e-06,6.28009e-06)
(7.4927e-06,7.75225e-06)
(4.7281e-05,0.000197864)
(0.000169157,2.94575e-05)
(2.38531e-06,-3.14004e-06)
(-3.74635e-06,-3.87612e-06)
(-6.61883e-06,8.7131e-06)
(3.38462e-06,5.42985e-06)
(8.74283e-05,-4.46152e-05)
(-4.29802e-05,-0.000100359)
(4.19903e-06,-8.18706e-07)
(-5.1163e-07,-3.00382e-06)
(-4.96549e-06,6.77813e-06)
(7.7968e-06,7.99753e-06)
(5.34858e-05,0.00020452)
(0.000173785,3.02079e-05)
(2.48275e-06,-3.38907e-06)
(-3.8984e-06,-3.99876e-06)
(-6.87023e-06,9.37819e-06)
(3.5252e-06,5.74508e-06)
(9.3316e-05,-4.99084e-05)
(-4.5833e-05,-0.000103842)
(4.61857e-06,-1.017e-06)
(-6.07184e-07,-3.17162e-06)
(-5.3273e-06,7.85659e-06)
(8.44646e-06,8.51304e-06)
(6.7531e-05,0.000217139)
(0.000183434,3.11367e-05)
(2.66365e-06,-3.92829e-06)
(-4.22323e-06,-4.25652e-06)
(-7.33358e-06,1.08154e-05)
(3.82453e-06,6.42819e-06)
(0.000105646,-6.18041e-05)
(-5.18301e-05,-0.000111446)
(5.55503e-06,-1.50186e-06)
(-8.21485e-07,-3.54664e-06)
(-5.48094e-06,8.40469e-06)
(8.77392e-06,8.76697e-06)
(7.49443e-05,0.000222708)
(0.000188181,3.12698e-05)
(2.74047e-06,-4.20234e-06)
(-4.38696e-06,-4.38349e-06)
(-7.52882e-06,1.1545e-05)
(3.97575e-06,6.77575e-06)
(0.000111699,-6.80572e-05)
(-5.47971e-05,-0.000115351)
(6.04489e-06,-1.77686e-06)
(-9.34439e-07,-3.7442e-06)
(-5.56106e-06,8.71942e-06)
(8.95414e-06,8.90618e-06)
(7.92467e-05,0.000225654)
(0.000190851,3.12497e-05)
(2.78053e-06,-4.35971e-06)
(-4.47707e-06,-4.45309e-06)
(-7.62858e-06,1.19612e-05)
(4.06219e-06,6.97422e-06)
(0.000115088,-7.1683e-05)
(-5.64688e-05,-0.000117593)
(6.32843e-06,-1.9423e-06)
(-1.00014e-06,-3.85924e-06)
(-5.83649e-06,1.01164e-05)
(9.79484e-06,9.52528e-06)
(9.90518e-05,0.000236937)
(0.000202511,3.03578e-05)
(2.91824e-06,-5.05819e-06)
(-4.89742e-06,-4.76264e-06)
(-7.97541e-06,1.38238e-05)
(4.45412e-06,7.86387e-06)
(0.000129692,-8.83802e-05)
(-6.37824e-05,-0.000127757)
(7.63137e-06,-2.7576e-06)
(-1.30556e-06,-4.39645e-06)
(-5.98889e-06,1.14522e-05)
(1.05988e-05,1.00808e-05)
(0.000118672,0.000245108)
(0.00021331,2.83688e-05)
(2.99445e-06,-5.72612e-06)
(-5.29941e-06,-5.0404e-06)
(-8.16136e-06,1.56065e-05)
(4.84363e-06,8.71739e-06)
(0.000142798,-0.000104995)
(-7.05608e-05,-0.000137682)
(8.92635e-06,-3.65052e-06)
(-1.61533e-06,-4.94788e-06)
(-6.03349e-06,1.24308e-05)
(1.11964e-05,1.04675e-05)
(0.000133398,0.000249645)
(0.000221063,2.6256e-05)
(3.01674e-06,-6.2154e-06)
(-5.59822e-06,-5.23377e-06)
(-8.21098e-06,1.69171e-05)
(5.14333e-06,9.34606e-06)
(0.000151884,-0.00011755)
(-7.54283e-05,-0.000145097)
(9.90548e-06,-4.37589e-06)
(-1.85388e-06,-5.37863e-06)
(-5.69279e-07,3.95181e-07)
(2.53547e-06,3.69162e-06)
(1.84473e-06,-1.28057e-06)
(-2.40085e-06,-3.58535e-06)
(-5.52556e-07,-5.92538e-05)
(-0.000141333,-3.27903e-06)
(-9.00109e-07,6.24836e-07)
(4.00894e-06,5.83696e-06)
(1.30442e-06,-9.05502e-07)
(-1.69766e-06,-2.53523e-06)
(3.57023e-06,6.97127e-08)
(5.87428e-07,-2.88292e-05)
(1.01454e-07,5.12955e-08)
(4.08068e-07,-8.06854e-07)
(8.74523e-06,1.70761e-07)
(1.4389e-06,-7.06169e-05)
(2.15216e-07,1.08814e-07)
(8.65643e-07,-1.7116e-06)
(-9.81644e-07,7.81005e-07)
(3.04047e-06,3.93609e-06)
(3.14125e-06,-2.49921e-06)
(-3.03457e-06,-4.18061e-06)
(-2.51749e-06,-9.66827e-05)
(-0.000160407,-8.02461e-06)
(-1.55212e-06,1.23488e-06)
(4.80741e-06,6.2235e-06)
(2.2212e-06,-1.76721e-06)
(-2.14576e-06,-2.95614e-06)
(6.90559e-06,-7.24342e-07)
(-3.21672e-06,-3.15648e-05)
(2.38073e-07,7.23123e-08)
(3.02588e-07,-9.94451e-07)
(1.69152e-05,-1.77427e-06)
(-7.87933e-06,-7.73177e-05)
(5.05029e-07,1.53398e-07)
(6.41886e-07,-2.10955e-06)
(-1.39644e-06,1.23486e-06)
(3.50413e-06,4.19505e-06)
(4.4234e-06,-3.9116e-06)
(-3.62876e-06,-4.83981e-06)
(-6.58036e-06,-0.000131175)
(-0.000177688,-1.35191e-05)
(-2.20796e-06,1.95249e-06)
(5.54051e-06,6.63295e-06)
(3.12781e-06,-2.76592e-06)
(-2.56592e-06,-3.42227e-06)
(1.07155e-05,-2.12702e-06)
(-6.51148e-06,-3.40058e-05)
(4.23386e-07,7.25985e-08)
(2.00689e-07,-1.16131e-06)
(2.62475e-05,-5.21011e-06)
(-1.59498e-05,-8.32968e-05)
(8.98136e-07,1.54005e-07)
(4.25725e-07,-2.46352e-06)
(-1.68482e-06,1.59082e-06)
(3.82095e-06,4.38817e-06)
(5.30382e-06,-5.0079e-06)
(-4.03433e-06,-5.34755e-06)
(-1.09253e-05,-0.000153698)
(-0.000189034,-1.73887e-05)
(-2.66394e-06,2.51531e-06)
(6.04146e-06,6.93831e-06)
(3.75037e-06,-3.54112e-06)
(-2.8527e-06,-3.78129e-06)
(1.36325e-05,-3.47385e-06)
(-8.69122e-06,-3.56887e-05)
(5.82841e-07,5.70689e-08)
(1.27803e-07,-1.27585e-06)
(3.33928e-05,-8.50916e-06)
(-2.12891e-05,-8.74192e-05)
(1.23639e-06,1.21061e-07)
(2.71111e-07,-2.70648e-06)
(-2.2133e-06,2.34381e-06)
(4.41803e-06,4.77931e-06)
(6.89658e-06,-7.30326e-06)
(-4.78782e-06,-6.41352e-06)
(-2.28647e-05,-0.000192648)
(-0.000209229,-2.39694e-05)
(-3.49954e-06,3.7059e-06)
(6.98552e-06,7.55675e-06)
(4.87662e-06,-5.16418e-06)
(-3.3855e-06,-4.53504e-06)
(1.96208e-05,-6.85069e-06)
(-1.26932e-05,-3.89673e-05)
(9.52848e-07,-1.63879e-08)
(-1.81165e-08,-1.49816e-06)
(4.80609e-05,-1.67807e-05)
(-3.10919e-05,-9.545e-05)
(2.0213e-06,-3.4764e-08)
(-3.84309e-08,-3.17808e-06)
(-2.59115e-06,2.98474e-06)
(4.8798e-06,5.09773e-06)
(8.02038e-06,-9.23865e-06)
(-5.35753e-06,-7.3174e-06)
(-3.53747e-05,-0.000219203)
(-0.000223875,-2.78746e-05)
(-4.09697e-06,4.71928e-06)
(7.71563e-06,8.06022e-06)
(5.67127e-06,-6.53272e-06)
(-3.78834e-06,-5.17419e-06)
(2.45354e-05,-1.01658e-05)
(-1.5716e-05,-4.16342e-05)
(1.29713e-06,-1.18969e-07)
(-1.39574e-07,-1.67912e-06)
(6.00992e-05,-2.49009e-05)
(-3.84961e-05,-0.000101983)
(2.75163e-06,-2.52372e-07)
(-2.96082e-07,-3.56195e-06)
(-3.73222e-06,6.27617e-06)
(7.01247e-06,6.5446e-06)
(1.1338e-05,-1.90661e-05)
(-7.9156e-06,-1.19206e-05)
(-0.0001198,-0.000301182)
(-0.000283747,-2.87182e-05)
(-5.90117e-06,9.9235e-06)
(1.10877e-05,1.03479e-05)
(8.01715e-06,-1.34818e-05)
(-5.59717e-06,-8.42914e-06)
(4.72638e-05,-3.13918e-05)
(-2.8854e-05,-5.54718e-05)
(3.38776e-06,-1.17074e-06)
(-8.01244e-07,-2.65769e-06)
(0.000115772,-7.68938e-05)
(-7.06776e-05,-0.000135878)
(7.18652e-06,-2.48351e-06)
(-1.6997e-06,-5.63782e-06)
(-3.73356e-06,6.28405e-06)
(7.01744e-06,6.54768e-06)
(1.13417e-05,-1.90896e-05)
(-7.92163e-06,-1.19315e-05)
(-0.000120028,-0.000301301)
(-0.000283874,-2.86892e-05)
(-5.90327e-06,9.93595e-06)
(1.10955e-05,1.03528e-05)
(8.01982e-06,-1.34984e-05)
(-5.60144e-06,-8.43687e-06)
(4.73131e-05,-3.1449e-05)
(-2.88827e-05,-5.55063e-05)
(3.39332e-06,-1.17427e-06)
(-8.02959e-07,-2.66027e-06)
(0.000115893,-7.7034e-05)
(-7.0748e-05,-0.000135962)
(7.19831e-06,-2.491e-06)
(-1.70333e-06,-5.64328e-06)
(-8.41341e-07,5.8404e-07)
(3.07265e-06,4.48415e-06)
(4.25938e-07,4.56757e-05)
(8.8732e-05,2.71614e-06)
(4.20671e-07,-2.9202e-07)
(-1.53633e-06,-2.24208e-06)
(-1.26378e-06,8.77285e-07)
(1.17858e-06,1.78467e-06)
(9.75977e-06,1.90571e-07)
(1.15046e-06,-5.54883e-05)
(2.23357e-07,1.1293e-07)
(5.10614e-07,-1.00939e-06)
(-1.46101e-06,1.16239e-06)
(3.76471e-06,4.90231e-06)
(1.94112e-06,7.45474e-05)
(0.000103145,6.72215e-06)
(7.30506e-07,-5.81197e-07)
(-1.88235e-06,-2.45115e-06)
(-2.15378e-06,1.71357e-06)
(1.53555e-06,2.1813e-06)
(1.8782e-05,-1.97008e-06)
(-6.26795e-06,-6.21982e-05)
(5.21474e-07,1.58392e-07)
(3.93223e-07,-1.29075e-06)
(-2.09063e-06,1.84874e-06)
(4.41374e-06,5.33922e-06)
(5.07608e-06,0.000101188)
(0.000116254,1.14728e-05)
(1.04532e-06,-9.2437e-07)
(-2.20687e-06,-2.66961e-06)
(-3.03616e-06,2.68487e-06)
(1.87467e-06,2.62532e-06)
(2.90232e-05,-5.76107e-06)
(-1.29258e-05,-6.83737e-05)
(9.23493e-07,1.58353e-07)
(2.7005e-07,-1.5551e-06)
(-2.53183e-06,2.39057e-06)
(4.86301e-06,5.66345e-06)
(8.43117e-06,0.00011861)
(0.000124892,1.49109e-05)
(1.26591e-06,-1.19528e-06)
(-2.43151e-06,-2.83173e-06)
(-3.64371e-06,3.44041e-06)
(2.10714e-06,2.97006e-06)
(3.68281e-05,-9.38454e-06)
(-1.74364e-05,-7.26988e-05)
(1.26795e-06,1.24152e-07)
(1.76925e-07,-1.74296e-06)
(-3.34758e-06,3.54498e-06)
(5.71968e-06,6.31971e-06)
(1.7661e-05,0.000148804)
(0.000140352,2.10375e-05)
(1.67379e-06,-1.77249e-06)
(-2.85984e-06,-3.15985e-06)
(-4.74713e-06,5.02706e-06)
(2.53931e-06,3.70045e-06)
(5.27714e-05,-1.84254e-05)
(-2.5904e-05,-8.1219e-05)
(2.06359e-06,-3.54914e-08)
(-1.98869e-08,-2.11961e-06)
(-3.93694e-06,4.53495e-06)
(6.38951e-06,6.85578e-06)
(2.73464e-05,0.000169455)
(0.000151656,2.50036e-05)
(1.96847e-06,-2.26747e-06)
(-3.19476e-06,-3.42789e-06)
(-5.53003e-06,6.37003e-06)
(2.86556e-06,4.32613e-06)
(6.57897e-05,-2.72587e-05)
(-3.2431e-05,-8.82031e-05)
(2.80049e-06,-2.56853e-07)
(-1.92226e-07,-2.43552e-06)
(-5.7663e-06,9.69671e-06)
(9.54411e-06,9.34421e-06)
(9.30223e-05,0.000233862)
(0.000199057,3.07584e-05)
(2.88315e-06,-4.84835e-06)
(-4.77206e-06,-4.6721e-06)
(-7.88808e-06,1.32647e-05)
(4.33528e-06,7.59662e-06)
(0.000125406,-8.32924e-05)
(-6.16142e-05,-0.000124684)
(7.23468e-06,-2.50015e-06)
(-1.21194e-06,-4.23122e-06)
(-5.76854e-06,9.70918e-06)
(9.55156e-06,9.34964e-06)
(9.32005e-05,0.000233957)
(0.00019916,3.07481e-05)
(2.88427e-06,-4.85459e-06)
(-4.77578e-06,-4.67482e-06)
(-7.89088e-06,1.32813e-05)
(4.3388e-06,7.60456e-06)
(0.000125535,-8.34428e-05)
(-6.1679e-05,-0.000124775)
(7.24641e-06,-2.50765e-06)
(-1.2147e-06,-4.23608e-06)
(-9.55229e-07,7.54323e-07)
(3.01002e-06,3.92018e-06)
(3.05891e-06,-2.41555e-06)
(-2.99576e-06,-4.14102e-06)
(-2.33557e-06,-9.4388e-05)
(-0.000159253,-7.69025e-06)
(-1.51035e-06,1.19269e-06)
(4.75926e-06,6.19835e-06)
(2.16297e-06,-1.70805e-06)
(-2.11832e-06,-2.92814e-06)
(6.67809e-06,-6.55509e-07)
(-2.99469e-06,-3.14036e-05)
(2.27919e-07,7.15256e-08)
(3.09105e-07,-9.83405e-07)
(1.63579e-05,-1.60566e-06)
(-7.33546e-06,-7.69229e-05)
(4.8349e-07,1.51729e-07)
(6.55711e-07,-2.08612e-06)
(-1.34178e-06,1.17125e-06)
(3.44398e-06,4.15977e-06)
(4.25556e-06,-3.7147e-06)
(-3.55156e-06,-4.7485e-06)
(-5.90584e-06,-0.000126782)
(-0.000175487,-1.27811e-05)
(-2.12154e-06,1.8519e-06)
(5.44542e-06,6.57718e-06)
(3.00913e-06,-2.62669e-06)
(-2.51133e-06,-3.3577e-06)
(1.01879e-05,-1.90702e-06)
(-6.09197e-06,-3.36888e-05)
(3.96103e-07,7.39715e-08)
(2.14209e-07,-1.1397e-06)
(2.49551e-05,-4.67124e-06)
(-1.49222e-05,-8.25205e-05)
(8.40261e-07,1.56917e-07)
(4.54405e-07,-2.41767e-06)
(-1.83491e-06,1.79044e-06)
(3.98714e-06,4.49389e-06)
(5.75878e-06,-5.61921e-06)
(-4.24577e-06,-5.63083e-06)
(-1.37533e-05,-0.000165032)
(-0.00019481,-1.93497e-05)
(-2.90125e-06,2.83094e-06)
(6.30423e-06,7.10547e-06)
(4.07207e-06,-3.97338e-06)
(-3.00221e-06,-3.9816e-06)
(1.52435e-05,-4.30552e-06)
(-9.81736e-06,-3.65848e-05)
(6.76888e-07,4.27953e-08)
(8.83693e-08,-1.33668e-06)
(3.73387e-05,-1.05463e-05)
(-2.40475e-05,-8.96141e-05)
(1.4359e-06,9.07826e-08)
(1.8746e-07,-2.83552e-06)
(-3.11422e-06,4.09398e-06)
(5.6249e-06,5.62052e-06)
(9.55656e-06,-1.25631e-05)
(-6.25593e-06,-8.87622e-06)
(-6.07767e-05,-0.000255241)
(-0.000246069,-3.13884e-05)
(-4.92402e-06,6.47315e-06)
(8.89374e-06,8.88683e-06)
(6.75751e-06,-8.88348e-06)
(-4.42361e-06,-6.27644e-06)
(3.26614e-05,-1.66366e-05)
(-2.04716e-05,-4.62057e-05)
(1.94625e-06,-3.77574e-07)
(-3.52403e-07,-1.99263e-06)
(8.00037e-05,-4.07513e-05)
(-5.0145e-05,-0.00011318)
(4.12863e-06,-8.00956e-07)
(-7.4756e-07,-4.22701e-06)
(-1.42112e-06,1.12223e-06)
(3.72249e-06,4.87532e-06)
(1.8008e-06,7.27764e-05)
(0.000102272,6.43716e-06)
(7.10561e-07,-5.61114e-07)
(-1.86125e-06,-2.43766e-06)
(-2.09719e-06,1.6561e-06)
(1.51351e-06,2.15477e-06)
(1.81685e-05,-1.78339e-06)
(-5.82679e-06,-6.17957e-05)
(4.99379e-07,1.56715e-07)
(4.00791e-07,-1.2737e-06)
(-2.00733e-06,1.75221e-06)
(4.32894e-06,5.2799e-06)
(4.55545e-06,9.77928e-05)
(0.000114581,1.08267e-05)
(1.00366e-06,-8.76105e-07)
(-2.16447e-06,-2.63995e-06)
(-2.92051e-06,2.54933e-06)
(1.83048e-06,2.56356e-06)
(2.76083e-05,-5.16788e-06)
(-1.20669e-05,-6.75645e-05)
(8.64434e-07,1.61432e-07)
(2.86888e-07,-1.5202e-06)
(-2.76254e-06,2.69559e-06)
(5.10025e-06,5.84077e-06)
(1.0616e-05,0.000127386)
(0.000129301,1.66918e-05)
(1.38127e-06,-1.34779e-06)
(-2.55012e-06,-2.92038e-06)
(-3.95827e-06,3.86234e-06)
(2.22844e-06,3.16332e-06)
(4.11268e-05,-1.16163e-05)
(-1.97964e-05,-7.50173e-05)
(1.47062e-06,9.29781e-08)
(1.25006e-07,-1.84457e-06)
(-4.76296e-06,6.26142e-06)
(7.48124e-06,7.74297e-06)
(4.70524e-05,0.000197604)
(0.000168981,2.94252e-05)
(2.38148e-06,-3.13071e-06)
(-3.74062e-06,-3.87148e-06)
(-6.60893e-06,8.68815e-06)
(3.37931e-06,5.41804e-06)
(8.72053e-05,-4.44196e-05)
(-4.28722e-05,-0.000100228)
(4.18347e-06,-8.11595e-07)
(-5.08089e-07,-2.99759e-06)
(-1.08333e-08,3.99672e-09)
(1.20118e-06,3.25589e-06)
(3.64738e-08,-1.34563e-08)
(-9.61293e-07,-2.6057e-06)
(-5.10982e-12,-1.2839e-06)
(-0.000102221,-1.76776e-09)
(-1.7129e-08,6.31937e-09)
(1.89924e-06,5.14801e-06)
(2.57909e-08,-9.51501e-09)
(-6.79737e-07,-1.84251e-06)
(3.84308e-08,2.52707e-08)
(1.25017e-05,-1.90121e-05)
(2.33703e-10,8.98864e-10)
(6.12818e-07,-1.59332e-07)
(9.41358e-08,6.19004e-08)
(3.06227e-05,-4.65699e-05)
(4.95759e-10,1.90678e-09)
(1.29998e-06,-3.37993e-07)
(-1.84402e-08,7.2568e-09)
(1.28882e-06,3.27508e-06)
(6.19339e-08,-2.43729e-08)
(-1.04162e-06,-2.64704e-06)
(-2.48085e-11,-2.17085e-06)
(-0.000103957,-5.02683e-09)
(-2.91565e-08,1.1474e-08)
(2.03781e-06,5.17835e-06)
(4.37939e-08,-1.72343e-08)
(-7.36538e-07,-1.87174e-06)
(6.95033e-08,4.06372e-08)
(1.16396e-05,-1.99077e-05)
(5.61253e-10,1.59196e-09)
(6.09531e-07,-2.14892e-07)
(1.70248e-07,9.95404e-08)
(2.85111e-05,-4.87636e-05)
(1.1906e-09,3.37706e-09)
(1.29301e-06,-4.55856e-07)
(-3.6577e-08,1.57469e-08)
(1.42371e-06,3.3072e-06)
(1.22375e-07,-5.2684e-08)
(-1.16916e-06,-2.71639e-06)
(-1.88721e-10,-4.25911e-06)
(-0.000106868,-1.91734e-08)
(-5.78333e-08,2.4898e-08)
(2.25108e-06,5.22915e-06)
(8.65321e-08,-3.72532e-08)
(-8.26719e-07,-1.92077e-06)
(1.49877e-07,7.30306e-08)
(1.03221e-05,-2.11833e-05)
(1.63617e-09,3.31469e-09)
(5.98994e-07,-2.95671e-07)
(3.67121e-07,1.78888e-07)
(2.52838e-05,-5.18883e-05)
(3.47085e-09,7.03152e-09)
(1.27066e-06,-6.27212e-07)
(-6.2951e-08,2.92846e-08)
(1.55407e-06,3.34123e-06)
(2.0981e-07,-9.76028e-08)
(-1.29709e-06,-2.79012e-06)
(-9.37179e-10,-7.24792e-06)
(-0.000109963,-5.4977e-08)
(-9.95342e-08,4.6303e-08)
(2.45719e-06,5.28294e-06)
(1.48358e-07,-6.90156e-08)
(-9.17182e-07,-1.97292e-06)
(2.77004e-07,1.12586e-07)
(9.0689e-06,-2.23124e-05)
(3.72546e-09,5.90289e-09)
(5.8402e-07,-3.68589e-07)
(6.78519e-07,2.75779e-07)
(2.22142e-05,-5.4654e-05)
(7.90289e-09,1.25219e-08)
(1.23889e-06,-7.81894e-07)
(-9.74477e-08,4.84791e-08)
(1.67919e-06,3.37662e-06)
(3.23582e-07,-1.60978e-07)
(-1.42433e-06,-2.86732e-06)
(-3.38591e-09,-1.10922e-05)
(-0.000113198,-1.27406e-07)
(-1.54078e-07,7.66522e-08)
(2.65503e-06,5.33891e-06)
(2.28807e-07,-1.13829e-07)
(-1.00715e-06,-2.0275e-06)
(4.55817e-07,1.54268e-07)
(7.89105e-06,-2.33144e-05)
(7.16427e-09,9.34453e-09)
(5.6643e-07,-4.3427e-07)
(1.11652e-06,3.77878e-07)
(1.93291e-05,-5.71083e-05)
(1.51977e-08,1.98227e-08)
(1.20158e-06,-9.21225e-07)
(-9.85384e-08,4.91086e-08)
(1.68266e-06,3.37764e-06)
(3.2717e-07,-1.63052e-07)
(-1.42792e-06,-2.86955e-06)
(-3.49826e-09,-1.12127e-05)
(-0.000113291,-1.30149e-07)
(-1.55803e-07,7.76475e-08)
(2.66052e-06,5.34052e-06)
(2.31344e-07,-1.15295e-07)
(-1.00969e-06,-2.02908e-06)
(4.61658e-07,1.55427e-07)
(7.85877e-06,-2.33411e-05)
(7.2842e-09,9.45371e-09)
(5.65906e-07,-4.36036e-07)
(1.13083e-06,3.80717e-07)
(1.925e-05,-5.71739e-05)
(1.54521e-08,2.00544e-08)
(1.20047e-06,-9.24973e-07)
(-1.83689e-08,7.22522e-09)
(1.28814e-06,3.27492e-06)
(6.16955e-08,-2.42673e-08)
(-1.04098e-06,-2.6467e-06)
(-2.45249e-11,-2.16257e-06)
(-0.000103943,-4.98877e-09)
(-2.90438e-08,1.14241e-08)
(2.03672e-06,5.17811e-06)
(4.36253e-08,-1.71596e-08)
(-7.36088e-07,-1.8715e-06)
(6.9203e-08,4.04989e-08)
(1.16464e-05,-1.99008e-05)
(5.5778e-10,1.58535e-09)
(6.09569e-07,-2.14466e-07)
(1.69512e-07,9.92017e-08)
(2.85277e-05,-4.87469e-05)
(1.18323e-09,3.36304e-09)
(1.29309e-06,-4.54952e-07)
(-1.56843e-08,5.78639e-09)
(1.36335e-06,3.69544e-06)
(3.94192e-12,9.9045e-07)
(5.94753e-05,1.44086e-09)
(7.84214e-09,-2.89319e-09)
(-6.81673e-07,-1.84772e-06)
(-2.49875e-08,9.21861e-09)
(4.22633e-07,1.14561e-06)
(1.06684e-07,7.01515e-08)
(2.25248e-05,-3.42549e-05)
(5.22428e-10,2.00935e-09)
(6.89429e-07,-1.7925e-07)
(-2.67321e-08,1.05199e-08)
(1.46883e-06,3.73252e-06)
(1.91362e-11,1.6745e-06)
(6.07577e-05,4.09951e-09)
(1.3366e-08,-5.25995e-09)
(-7.34417e-07,-1.86626e-06)
(-4.24256e-08,1.66958e-08)
(4.61231e-07,1.17215e-06)
(1.92751e-07,1.12697e-07)
(2.10573e-05,-3.60149e-05)
(1.25342e-09,3.55526e-09)
(6.90294e-07,-2.43366e-07)
(-5.31335e-08,2.28747e-08)
(1.6332e-06,3.79389e-06)
(1.45547e-10,3.28477e-06)
(6.29132e-05,1.56515e-08)
(2.65668e-08,-1.14373e-08)
(-8.16599e-07,-1.89695e-06)
(-8.38178e-08,3.60847e-08)
(5.23634e-07,1.21675e-06)
(4.14998e-07,2.02217e-07)
(1.87952e-05,-3.85719e-05)
(3.64836e-09,7.39113e-09)
(6.85547e-07,-3.38395e-07)
(-9.16322e-08,4.2627e-08)
(1.79435e-06,3.858e-06)
(7.22684e-10,5.58906e-06)
(6.52111e-05,4.49265e-08)
(4.58161e-08,-2.13135e-08)
(-8.97175e-07,-1.929e-06)
(-1.43691e-07,6.68443e-08)
(5.87553e-07,1.26429e-06)
(7.65824e-07,3.11264e-07)
(1.66201e-05,-4.08904e-05)
(8.2944e-09,1.31423e-08)
(6.75433e-07,-4.26281e-07)
(-1.42127e-07,7.07067e-08)
(1.95113e-06,3.92385e-06)
(2.61067e-09,8.5525e-06)
(6.7619e-05,1.04236e-07)
(7.10637e-08,-3.53533e-08)
(-9.75566e-07,-1.96192e-06)
(-2.21594e-07,1.1024e-07)
(6.52339e-07,1.3142e-06)
(1.2583e-06,4.25864e-07)
(1.4553e-05,-4.2996e-05)
(1.5927e-08,2.0774e-08)
(6.61791e-07,-5.07379e-07)
(-1.43726e-07,7.16288e-08)
(1.95551e-06,3.92574e-06)
(2.69728e-09,8.64539e-06)
(6.76886e-05,1.06484e-07)
(7.1863e-08,-3.58144e-08)
(-9.77755e-07,-1.96287e-06)
(-2.24051e-07,1.1166e-07)
(6.54184e-07,1.31565e-06)
(1.27437e-06,4.29045e-07)
(1.4496e-05,-4.3053e-05)
(1.6193e-08,2.10159e-08)
(6.61367e-07,-5.09588e-07)
(-2.66284e-08,1.0474e-08)
(1.468e-06,3.73222e-06)
(1.89174e-11,1.66811e-06)
(6.07472e-05,4.06846e-09)
(1.33142e-08,-5.23701e-09)
(-7.34001e-07,-1.86611e-06)
(-4.22623e-08,1.66235e-08)
(4.60922e-07,1.17194e-06)
(1.91919e-07,1.12315e-07)
(2.10688e-05,-3.60015e-05)
(1.24567e-09,3.54053e-09)
(6.90301e-07,-2.42871e-07)
(-2.20744e-06,2.33464e-06)
(4.41117e-06,4.77466e-06)
(6.87906e-06,-7.27544e-06)
(-4.77927e-06,-6.40056e-06)
(-2.26998e-05,-0.000192229)
(-0.000209005,-2.39025e-05)
(-3.49027e-06,3.69139e-06)
(6.97467e-06,7.54939e-06)
(4.86423e-06,-5.14451e-06)
(-3.37945e-06,-4.52588e-06)
(1.95492e-05,-6.8059e-06)
(-1.26479e-05,-3.89286e-05)
(9.48102e-07,-1.51793e-08)
(-1.63708e-08,-1.49554e-06)
(4.78856e-05,-1.6671e-05)
(-3.09808e-05,-9.53553e-05)
(2.01123e-06,-3.22001e-08)
(-3.47277e-08,-3.17251e-06)
(-2.61084e-06,3.02113e-06)
(4.90515e-06,5.11545e-06)
(8.07863e-06,-9.34818e-06)
(-5.38848e-06,-7.36867e-06)
(-3.61389e-05,-0.000220568)
(-0.000224658,-2.80523e-05)
(-4.1281e-06,4.77683e-06)
(7.75573e-06,8.08824e-06)
(5.71245e-06,-6.61016e-06)
(-3.81023e-06,-5.21043e-06)
(2.48096e-05,-1.03643e-05)
(-1.58803e-05,-4.17843e-05)
(1.3174e-06,-1.25849e-07)
(-1.46474e-07,-1.68933e-06)
(6.07709e-05,-2.53872e-05)
(-3.88987e-05,-0.00010235)
(2.79463e-06,-2.66965e-07)
(-3.10718e-07,-3.58361e-06)
(-2.96357e-06,3.739e-06)
(5.39168e-06,5.45708e-06)
(9.11646e-06,-1.15018e-05)
(-5.97686e-06,-8.37819e-06)
(-5.22113e-05,-0.000244859)
(-0.000239291,-3.06745e-05)
(-4.68582e-06,5.91188e-06)
(8.525e-06,8.62839e-06)
(6.44631e-06,-8.13301e-06)
(-4.22628e-06,-5.92427e-06)
(3.01127e-05,-1.44768e-05)
(-1.9e-05,-4.47397e-05)
(1.73175e-06,-2.8394e-07)
(-2.83545e-07,-1.89141e-06)
(7.37607e-05,-3.54607e-05)
(-4.65403e-05,-0.000109589)
(3.67359e-06,-6.02327e-07)
(-6.01491e-07,-4.01229e-06)
(-3.26289e-06,4.4846e-06)
(5.87765e-06,5.79618e-06)
(9.98894e-06,-1.37291e-05)
(-6.55713e-06,-9.42331e-06)
(-7.06016e-05,-0.000265589)
(-0.000253259,-3.17663e-05)
(-5.15908e-06,7.09078e-06)
(9.29337e-06,9.16456e-06)
(7.06325e-06,-9.70791e-06)
(-4.63659e-06,-6.66329e-06)
(3.541e-05,-1.90998e-05)
(-2.20478e-05,-4.78283e-05)
(2.18917e-06,-4.92199e-07)
(-4.29289e-07,-2.10568e-06)
(8.67363e-05,-4.67847e-05)
(-5.40059e-05,-0.000117155)
(4.64393e-06,-1.04411e-06)
(-9.1066e-07,-4.46681e-06)
(-3.50474e-06,5.2498e-06)
(6.36511e-06,6.1274e-06)
(1.06877e-05,-1.60093e-05)
(-7.1374e-06,-1.04922e-05)
(-9.088e-05,-0.000282984)
(-0.000266701,-3.13698e-05)
(-5.54147e-06,8.30066e-06)
(1.00641e-05,9.68827e-06)
(7.55738e-06,-1.13203e-05)
(-5.0469e-06,-7.41908e-06)
(4.06243e-05,-2.41625e-05)
(-2.50283e-05,-5.10477e-05)
(2.68471e-06,-7.51464e-07)
(-5.83944e-07,-2.3338e-06)
(9.95087e-05,-5.91859e-05)
(-6.13064e-05,-0.000125041)
(5.69514e-06,-1.5941e-06)
(-1.23873e-06,-4.95074e-06)
(-3.50685e-06,5.25751e-06)
(6.36999e-06,6.13065e-06)
(1.06938e-05,-1.60323e-05)
(-7.14322e-06,-1.05029e-05)
(-9.10905e-05,-0.000283141)
(-0.000266833,-3.13586e-05)
(-5.54482e-06,8.31285e-06)
(1.00718e-05,9.69341e-06)
(7.56168e-06,-1.13366e-05)
(-5.05102e-06,-7.42668e-06)
(4.06757e-05,-2.42151e-05)
(-2.50577e-05,-5.10805e-05)
(2.68983e-06,-7.54309e-07)
(-5.85533e-07,-2.33615e-06)
(9.96346e-05,-5.93145e-05)
(-6.13785e-05,-0.000125121)
(5.706e-06,-1.60013e-06)
(-1.2421e-06,-4.95572e-06)
(-3.68853e-06,6.03562e-06)
(6.86084e-06,6.44963e-06)
(1.12139e-05,-1.83495e-05)
(-7.73193e-06,-1.15863e-05)
(-0.000112871,-0.000297395)
(-0.000279834,-2.95428e-05)
(-5.83208e-06,9.54315e-06)
(1.08479e-05,1.01978e-05)
(7.9294e-06,-1.2975e-05)
(-5.4673e-06,-8.19273e-06)
(4.57443e-05,-2.96557e-05)
(-2.79721e-05,-5.4423e-05)
(3.21919e-06,-1.06513e-06)
(-7.49214e-07,-2.57968e-06)
(0.00011205,-7.26412e-05)
(-6.85173e-05,-0.000133309)
(6.82894e-06,-2.25949e-06)
(-1.58932e-06,-5.47232e-06)
(-3.84824e-06,7.21483e-06)
(7.60704e-06,6.89857e-06)
(1.16629e-05,-2.18662e-05)
(-8.6482e-06,-1.32235e-05)
(-0.000147574,-0.000313419)
(-0.000298627,-2.43949e-05)
(-6.0846e-06,1.14076e-05)
(1.20278e-05,1.09076e-05)
(8.24695e-06,-1.54617e-05)
(-6.1152e-06,-9.3504e-06)
(5.29765e-05,-3.83933e-05)
(-3.22263e-05,-5.96389e-05)
(4.06701e-06,-1.62601e-06)
(-1.01125e-06,-2.97624e-06)
(0.000129765,-9.40439e-05)
(-7.89381e-05,-0.000146085)
(8.62743e-06,-3.44929e-06)
(-2.14518e-06,-6.31355e-06)
(-3.87161e-06,7.60879e-06)
(7.85908e-06,7.03917e-06)
(1.17256e-05,-2.30441e-05)
(-8.96609e-06,-1.37699e-05)
(-0.000159536,-0.000317431)
(-0.000304714,-2.20803e-05)
(-6.12155e-06,1.20306e-05)
(1.24263e-05,1.11299e-05)
(8.29124e-06,-1.62946e-05)
(-6.33999e-06,-9.73676e-06)
(5.52706e-05,-4.14345e-05)
(-3.36145e-05,-6.14242e-05)
(4.36209e-06,-1.83778e-06)
(-1.10287e-06,-3.11729e-06)
(0.000135385,-0.000101493)
(-8.23385e-05,-0.000150458)
(9.25338e-06,-3.89853e-06)
(-2.33954e-06,-6.61278e-06)
(-3.8741e-06,8.4028e-06)
(8.37391e-06,7.30801e-06)
(1.17222e-05,-2.5425e-05)
(-9.63208e-06,-1.48714e-05)
(-0.000184099,-0.000323646)
(-0.000316746,-1.65613e-05)
(-6.12549e-06,1.3286e-05)
(1.32403e-05,1.1555e-05)
(8.28882e-06,-1.79782e-05)
(-6.81091e-06,-1.05157e-05)
(5.97048e-05,-4.77395e-05)
(-3.63757e-05,-6.50895e-05)
(4.97447e-06,-2.3025e-06)
(-1.2942e-06,-3.41643e-06)
(0.000146246,-0.000116937)
(-8.91019e-05,-0.000159436)
(1.05525e-05,-4.88435e-06)
(-2.74541e-06,-7.24734e-06)
(-3.81892e-06,9.18371e-06)
(8.89185e-06,7.55312e-06)
(1.15512e-05,-2.77782e-05)
(-1.03276e-05,-1.59566e-05)
(-0.000208769,-0.000327454)
(-0.000328308,-1.00539e-05)
(-6.03824e-06,1.45207e-05)
(1.40592e-05,1.19425e-05)
(8.16792e-06,-1.96421e-05)
(-7.30272e-06,-1.1283e-05)
(6.38147e-05,-5.41635e-05)
(-3.90572e-05,-6.87833e-05)
(5.59975e-06,-2.81029e-06)
(-1.49154e-06,-3.73203e-06)
(0.000156313,-0.000132673)
(-9.56703e-05,-0.000168484)
(1.18789e-05,-5.96152e-06)
(-3.16403e-06,-7.91682e-06)
(-3.70819e-06,9.95622e-06)
(9.41837e-06,7.77624e-06)
(1.12182e-05,-3.01202e-05)
(-1.10639e-05,-1.70337e-05)
(-0.000233597,-0.000329083)
(-0.000339511,-2.58475e-06)
(-5.86316e-06,1.57422e-05)
(1.48918e-05,1.22953e-05)
(7.93249e-06,-2.12982e-05)
(-7.82333e-06,-1.20446e-05)
(6.76284e-05,-6.07333e-05)
(-4.16923e-05,-7.25259e-05)
(6.24093e-06,-3.36412e-06)
(-1.69625e-06,-4.06765e-06)
(0.000165655,-0.000148766)
(-0.000102125,-0.000177652)
(1.3239e-05,-7.13637e-06)
(-3.5983e-06,-8.62879e-06)
(-3.5439e-06,1.07176e-05)
(9.95374e-06,7.97662e-06)
(1.07283e-05,-3.24448e-05)
(-1.18449e-05,-1.81002e-05)
(-0.000258424,-0.000328679)
(-0.000350343,5.7782e-06)
(-5.6034e-06,1.6946e-05)
(1.57382e-05,1.26121e-05)
(7.58603e-06,-2.29419e-05)
(-8.37564e-06,-1.27988e-05)
(7.11339e-05,-6.74194e-05)
(-4.42876e-05,-7.63024e-05)
(6.89534e-06,-3.96258e-06)
(-1.90785e-06,-4.42392e-06)
(0.000174242,-0.000165143)
(-0.000108482,-0.000186902)
(1.46272e-05,-8.40591e-06)
(-4.04716e-06,-9.38455e-06)
(-3.3282e-06,1.14652e-05)
(1.04979e-05,8.15368e-06)
(1.00863e-05,-3.47461e-05)
(-1.26741e-05,-1.9154e-05)
(-0.000283109,-0.000326374)
(-0.000360787,1.49718e-05)
(-5.26235e-06,1.81281e-05)
(1.65986e-05,1.28921e-05)
(7.1321e-06,-2.45692e-05)
(-8.96197e-06,-1.3544e-05)
(7.4322e-05,-7.41947e-05)
(-4.68501e-05,-8.00981e-05)
(7.56039e-06,-4.60414e-06)
(-2.12575e-06,-4.80127e-06)
(0.000182051,-0.000181739)
(-0.000114759,-0.000196199)
(1.6038e-05,-9.76686e-06)
(-4.50939e-06,-1.0185e-05)
(-3.1991e-06,1.18405e-05)
(1.07788e-05,8.23487e-06)
(9.70199e-06,-3.59091e-05)
(-1.31165e-05,-1.9686e-05)
(-0.000295607,-0.000324507)
(-0.000365958,1.99623e-05)
(-5.05822e-06,1.87215e-05)
(1.70427e-05,1.30205e-05)
(6.86034e-06,-2.53916e-05)
(-9.27477e-06,-1.39201e-05)
(7.58238e-05,-7.7677e-05)
(-4.81469e-05,-8.20371e-05)
(7.90291e-06,-4.94747e-06)
(-2.23913e-06,-5.00198e-06)
(0.00018573,-0.000190269)
(-0.000117935,-0.000200949)
(1.67646e-05,-1.04952e-05)
(-4.7499e-06,-1.06108e-05)
(-3.0604e-06,1.22042e-05)
(1.10563e-05,8.30843e-06)
(9.28875e-06,-3.70414e-05)
(-1.35633e-05,-2.02034e-05)
(-0.000307781,-0.000322244)
(-0.000370924,2.50432e-05)
(-4.83891e-06,1.92965e-05)
(1.74815e-05,1.31368e-05)
(6.56814e-06,-2.61922e-05)
(-9.59073e-06,-1.4286e-05)
(7.7214e-05,-8.11049e-05)
(-4.94128e-05,-8.39379e-05)
(8.2405e-06,-5.29437e-06)
(-2.35165e-06,-5.2042e-06)
(0.000189135,-0.000198666)
(-0.000121036,-0.000205605)
(1.74807e-05,-1.1231e-05)
(-4.98861e-06,-1.10398e-05)
(-2.90994e-06,1.25633e-05)
(1.13359e-05,8.37599e-06)
(8.83994e-06,-3.81655e-05)
(-1.40236e-05,-2.07168e-05)
(-0.000319866,-0.000319565)
(-0.000375785,3.03051e-05)
(-4.60102e-06,1.98644e-05)
(1.79237e-05,1.32436e-05)
(6.25078e-06,-2.69871e-05)
(-9.91615e-06,-1.4649e-05)
(7.85227e-05,-8.45446e-05)
(-5.06746e-05,-8.58373e-05)
(8.57964e-06,-5.65134e-06)
(-2.46549e-06,-5.41189e-06)
(0.00019234,-0.000207091)
(-0.000124127,-0.000210258)
(1.82002e-05,-1.19883e-05)
(-5.2301e-06,-1.14804e-05)
(-2.74804e-06,1.29178e-05)
(1.16176e-05,8.43751e-06)
(8.35627e-06,-3.92805e-05)
(-1.44973e-05,-2.12257e-05)
(-0.00033185,-0.000316485)
(-0.000380538,3.57409e-05)
(-4.34503e-06,2.04248e-05)
(1.8369e-05,1.33409e-05)
(5.90877e-06,-2.77755e-05)
(-1.02511e-05,-1.50088e-05)
(7.97494e-05,-8.79931e-05)
(-5.1933e-05,-8.77336e-05)
(8.92e-06,-6.01812e-06)
(-2.58054e-06,-5.62503e-06)
(0.000195345,-0.000215538)
(-0.000127209,-0.000214903)
(1.89222e-05,-1.27664e-05)
(-5.47415e-06,-1.19325e-05)
(-2.57138e-06,1.32742e-05)
(1.1907e-05,8.49401e-06)
(7.82753e-06,-4.04081e-05)
(-1.49947e-05,-2.174e-05)
(-0.000343961,-0.000312944)
(-0.000385273,4.14593e-05)
(-4.0657e-06,2.09884e-05)
(1.88266e-05,1.34302e-05)
(5.5349e-06,-2.85728e-05)
(-1.06029e-05,-1.53725e-05)
(8.09163e-05,-9.15179e-05)
(-5.32143e-05,-8.96635e-05)
(9.26821e-06,-6.40222e-06)
(-2.69909e-06,-5.8481e-06)
(0.000198204,-0.000224172)
(-0.000130348,-0.00021963)
(1.96608e-05,-1.35812e-05)
(-5.72563e-06,-1.24057e-05)
(-2.39094e-06,1.36117e-05)
(1.21869e-05,8.54235e-06)
(7.28642e-06,-4.14817e-05)
(-1.54864e-05,-2.22294e-05)
(-0.000355479,-0.000309174)
(-0.000389713,4.71135e-05)
(-3.78041e-06,2.15219e-05)
(1.92692e-05,1.35066e-05)
(5.15228e-06,-2.9332e-05)
(-1.09505e-05,-1.57186e-05)
(8.19573e-05,-9.49095e-05)
(-5.44443e-05,-9.15124e-05)
(9.60352e-06,-6.7806e-06)
(-2.81406e-06,-6.06784e-06)
(0.000200753,-0.00023248)
(-0.000133361,-0.000224159)
(2.03721e-05,-1.43838e-05)
(-5.96952e-06,-1.28718e-05)
(-1.99137e-06,1.42842e-05)
(1.27637e-05,8.6228e-06)
(6.08398e-06,-4.36406e-05)
(-1.6532e-05,-2.32125e-05)
(-0.000378592,-0.000300411)
(-0.000398434,5.91153e-05)
(-3.14864e-06,2.25853e-05)
(2.01812e-05,1.36338e-05)
(4.30202e-06,-3.08585e-05)
(-1.16899e-05,-1.64137e-05)
(8.38378e-05,-0.000101838)
(-5.69546e-05,-9.52639e-05)
(1.0289e-05,-7.58028e-06)
(-3.05166e-06,-6.53269e-06)
(0.00020536,-0.00024945)
(-0.00013951,-0.000233348)
(2.18263e-05,-1.60802e-05)
(-6.47354e-06,-1.38579e-05)
(-1.98718e-06,1.42908e-05)
(1.27695e-05,8.62348e-06)
(6.07133e-06,-4.36619e-05)
(-1.65427e-05,-2.32222e-05)
(-0.00037882,-0.000300317)
(-0.000398518,5.92381e-05)
(-3.14201e-06,2.25957e-05)
(2.01904e-05,1.36349e-05)
(4.29308e-06,-3.08736e-05)
(-1.16975e-05,-1.64206e-05)
(8.38549e-05,-0.000101907)
(-5.69796e-05,-9.53012e-05)
(1.02958e-05,-7.58845e-06)
(-3.05405e-06,-6.53744e-06)
(0.000205402,-0.000249619)
(-0.000139571,-0.000233439)
(2.18408e-05,-1.60975e-05)
(-6.47861e-06,-1.3868e-05)
(-1.54692e-06,1.49403e-05)
(1.33533e-05,8.67922e-06)
(4.73947e-06,-4.5774e-05)
(-1.76466e-05,-2.41825e-05)
(-0.00040135,-0.000290183)
(-0.000406764,7.18339e-05)
(-2.4459e-06,2.36226e-05)
(2.11134e-05,1.37231e-05)
(3.35131e-06,-3.23671e-05)
(-1.2478e-05,-1.70996e-05)
(8.54068e-05,-0.000108832)
(-5.94967e-05,-9.90163e-05)
(1.09814e-05,-8.42435e-06)
(-3.29525e-06,-7.02457e-06)
(0.000209203,-0.000266584)
(-0.000145737,-0.000242539)
(2.32952e-05,-1.78707e-05)
(-6.99028e-06,-1.49014e-05)
(-1.06357e-06,1.55718e-05)
(1.39494e-05,8.71064e-06)
(3.26865e-06,-4.78564e-05)
(-1.8821e-05,-2.51275e-05)
(-0.000423466,-0.000278661)
(-0.000414602,8.51132e-05)
(-1.68166e-06,2.46212e-05)
(2.2056e-05,1.37727e-05)
(2.31128e-06,-3.38396e-05)
(-1.33085e-05,-1.77679e-05)
(8.66472e-05,-0.000115812)
(-6.20535e-05,-0.000102724)
(1.16722e-05,-9.30364e-06)
(-3.54202e-06,-7.53891e-06)
(0.000212241,-0.00028368)
(-0.000151999,-0.000251621)
(2.47605e-05,-1.9736e-05)
(-7.51376e-06,-1.59924e-05)
(3.15224e-07,1.70492e-05)
(1.54786e-05,8.67868e-06)
(-9.77361e-07,-5.28617e-05)
(-2.20553e-05,-2.73881e-05)
(-0.000476143,-0.000244381)
(-0.000432104,0.000120882)
(4.98412e-07,2.69572e-05)
(2.44738e-05,1.37222e-05)
(-6.91099e-07,-3.73789e-05)
(-1.55954e-05,-1.93663e-05)
(8.83454e-05,-0.000133288)
(-6.86211e-05,-0.000111838)
(1.33968e-05,-1.16713e-05)
(-4.17628e-06,-8.93609e-06)
(0.000216401,-0.000326488)
(-0.000168087,-0.000273946)
(2.84189e-05,-2.47585e-05)
(-8.85924e-06,-1.89563e-05)
(8.81844e-07,1.75545e-05)
(1.60554e-05,8.62615e-06)
(-2.74412e-06,-5.46259e-05)
(-2.33593e-05,-2.81791e-05)
(-0.000494525,-0.000229897)
(-0.000437759,0.000134944)
(1.39432e-06,2.7756e-05)
(2.53858e-05,1.36391e-05)
(-1.94038e-06,-3.86263e-05)
(-1.65175e-05,-1.99256e-05)
(8.84663e-05,-0.000139721)
(-7.11245e-05,-0.000115129)
(1.40282e-05,-1.26043e-05)
(-4.41584e-06,-9.49206e-06)
(0.000216697,-0.000342245)
(-0.000174219,-0.000282007)
(2.97583e-05,-2.67378e-05)
(-9.36741e-06,-2.01357e-05)
(1.19692e-06,1.78152e-05)
(1.63663e-05,8.58888e-06)
(-3.73208e-06,-5.55489e-05)
(-2.40816e-05,-2.85913e-05)
(-0.000504102,-0.000221773)
(-0.000440597,0.000142642)
(1.8925e-06,2.81683e-05)
(2.58773e-05,1.35802e-05)
(-2.63898e-06,-3.9279e-05)
(-1.70282e-05,-2.02171e-05)
(8.84195e-05,-0.000143153)
(-7.24839e-05,-0.00011687)
(1.4364e-05,-1.31161e-05)
(-4.54504e-06,-9.79831e-06)
(0.000216583,-0.000350651)
(-0.000177549,-0.000286271)
(3.04706e-05,-2.78234e-05)
(-9.64149e-06,-2.07854e-05)
(1.32248e-06,1.79154e-05)
(1.64884e-05,8.57254e-06)
(-4.12689e-06,-5.59061e-05)
(-2.4369e-05,-2.87505e-05)
(-0.000507803,-0.000218525)
(-0.000441672,0.000145687)
(2.09103e-06,2.83267e-05)
(2.60704e-05,1.35544e-05)
(-2.91815e-06,-3.95316e-05)
(-1.72315e-05,-2.03296e-05)
(8.83801e-05,-0.000144494)
(-7.30202e-05,-0.000117547)
(1.4495e-05,-1.33188e-05)
(-4.59582e-06,-9.91988e-06)
(0.000216486,-0.000353937)
(-0.000178862,-0.000287931)
(3.07484e-05,-2.82534e-05)
(-9.7492e-06,-2.10432e-05)
(1.4428e-06,1.80095e-05)
(1.66045e-05,8.55612e-06)
(-4.50581e-06,-5.62431e-05)
(-2.46443e-05,-2.89004e-05)
(-0.000511285,-0.000215403)
(-0.000442672,0.000148596)
(2.28127e-06,2.84756e-05)
(2.6254e-05,1.35284e-05)
(-3.18609e-06,-3.97698e-05)
(-1.74262e-05,-2.04357e-05)
(8.83318e-05,-0.000145766)
(-7.35314e-05,-0.000118188)
(1.4619e-05,-1.35124e-05)
(-4.64411e-06,-1.00361e-05)
(0.000216368,-0.000357052)
(-0.000180114,-0.000289501)
(3.10117e-05,-2.86642e-05)
(-9.85165e-06,-2.12899e-05)
(1.5769e-06,1.81123e-05)
(1.67329e-05,8.53695e-06)
(-4.92881e-06,-5.66125e-05)
(-2.4951e-05,-2.90645e-05)
(-0.000515101,-0.000211919)
(-0.000443755,0.000151825)
(2.49329e-06,2.86381e-05)
(2.64571e-05,1.34981e-05)
(-3.48519e-06,-4.00311e-05)
(-1.7643e-05,-2.05517e-05)
(8.82661e-05,-0.000147169)
(-7.40982e-05,-0.000118894)
(1.47557e-05,-1.37276e-05)
(-4.69754e-06,-1.01655e-05)
(0.000216207,-0.000360489)
(-0.000181503,-0.000291229)
(3.13016e-05,-2.91206e-05)
(-9.96498e-06,-2.15642e-05)
(1.69927e-06,1.82043e-05)
(1.68493e-05,8.51869e-06)
(-5.31544e-06,-5.69443e-05)
(-2.52309e-05,-2.92117e-05)
(-0.000518524,-0.000208734)
(-0.000444715,0.000154761)
(2.68678e-06,2.87835e-05)
(2.6641e-05,1.34692e-05)
(-3.75859e-06,-4.02657e-05)
(-1.78409e-05,-2.06558e-05)
(8.81955e-05,-0.000148436)
(-7.4613e-05,-0.000119529)
(1.4879e-05,-1.39233e-05)
(-4.74594e-06,-1.02833e-05)
(0.000216034,-0.000363592)
(-0.000182764,-0.000292785)
(3.15632e-05,-2.95359e-05)
(-1.00676e-05,-2.18141e-05)
(1.70572e-06,1.82091e-05)
(1.68554e-05,8.5177e-06)
(-5.33585e-06,-5.69617e-05)
(-2.52456e-05,-2.92194e-05)
(-0.000518703,-0.000208566)
(-0.000444764,0.000154916)
(2.69699e-06,2.87911e-05)
(2.66507e-05,1.34677e-05)
(-3.77302e-06,-4.0278e-05)
(-1.78513e-05,-2.06612e-05)
(8.81915e-05,-0.000148502)
(-7.46401e-05,-0.000119562)
(1.48855e-05,-1.39337e-05)
(-4.74848e-06,-1.02895e-05)
(0.000216024,-0.000363755)
(-0.00018283,-0.000292867)
(3.15769e-05,-2.95578e-05)
(-1.0073e-05,-2.18273e-05)
(1.83561e-06,1.83046e-05)
(1.69779e-05,8.49749e-06)
(-5.74692e-06,-5.7308e-05)
(-2.55426e-05,-2.93728e-05)
(-0.000522273,-0.000205178)
(-0.000445752,0.000158021)
(2.90235e-06,2.89422e-05)
(2.68444e-05,1.34357e-05)
(-4.06368e-06,-4.05229e-05)
(-1.80613e-05,-2.07697e-05)
(8.81054e-05,-0.000149833)
(-7.51839e-05,-0.000120228)
(1.50149e-05,-1.41408e-05)
(-4.79947e-06,-1.04143e-05)
(0.000215813,-0.000367014)
(-0.000184162,-0.000294497)
(3.18513e-05,-2.99972e-05)
(-1.01812e-05,-2.20921e-05)
(1.96654e-06,1.8399e-05)
(1.71005e-05,8.47631e-06)
(-6.16197e-06,-5.76516e-05)
(-2.58419e-05,-2.95248e-05)
(-0.000525809,-0.000201758)
(-0.000446718,0.00016114)
(3.10937e-06,2.90914e-05)
(2.70382e-05,1.34022e-05)
(-4.35717e-06,-4.07659e-05)
(-1.8273e-05,-2.08772e-05)
(8.80077e-05,-0.000151161)
(-7.57297e-05,-0.000120891)
(1.51438e-05,-1.43491e-05)
(-4.85052e-06,-1.054e-05)
(0.000215574,-0.000370266)
(-0.000185499,-0.000296121)
(3.21248e-05,-3.0439e-05)
(-1.02895e-05,-2.23587e-05)
(2.0985e-06,1.84922e-05)
(1.72232e-05,8.45416e-06)
(-6.58099e-06,-5.79924e-05)
(-2.61435e-05,-2.96752e-05)
(-0.000529313,-0.000198305)
(-0.000447661,0.000164272)
(3.31802e-06,2.92388e-05)
(2.72322e-05,1.33672e-05)
(-4.65346e-06,-4.10068e-05)
(-1.84863e-05,-2.09835e-05)
(8.78984e-05,-0.000152485)
(-7.62775e-05,-0.00012155)
(1.52722e-05,-1.45584e-05)
(-4.90163e-06,-1.06664e-05)
(0.000215306,-0.000373511)
(-0.000186841,-0.000297736)
(3.23972e-05,-3.08831e-05)
(-1.03979e-05,-2.26269e-05)
(2.23148e-06,1.85843e-05)
(1.73459e-05,8.43105e-06)
(-7.00393e-06,-5.83304e-05)
(-2.64475e-05,-2.98241e-05)
(-0.000532783,-0.00019482)
(-0.000448583,0.000167418)
(3.52828e-06,2.93843e-05)
(2.74263e-05,1.33307e-05)
(-4.95253e-06,-4.12458e-05)
(-1.87012e-05,-2.10888e-05)
(8.77777e-05,-0.000153807)
(-7.68273e-05,-0.000122207)
(1.54002e-05,-1.47689e-05)
(-4.95278e-06,-1.07937e-05)
(0.000215011,-0.00037675)
(-0.000188188,-0.000299345)
(3.26687e-05,-3.13295e-05)
(-1.05064e-05,-2.28968e-05)
(2.37221e-06,1.86797e-05)
(1.74749e-05,8.40575e-06)
(-7.4523e-06,-5.86823e-05)
(-2.67694e-05,-2.99788e-05)
(-0.000536393,-0.000191125)
(-0.000449527,0.000170737)
(3.75079e-06,2.95351e-05)
(2.76302e-05,1.32907e-05)
(-5.26957e-06,-4.14946e-05)
(-1.89288e-05,-2.11982e-05)
(8.76387e-05,-0.000155192)
(-7.7407e-05,-0.000122893)
(1.55341e-05,-1.4991e-05)
(-5.00655e-06,-1.09282e-05)
(0.00021467,-0.000380142)
(-0.000189608,-0.000301025)
(3.29528e-05,-3.18007e-05)
(-1.06205e-05,-2.31821e-05)
(2.51398e-06,1.87737e-05)
(1.76039e-05,8.37939e-06)
(-7.90482e-06,-5.90309e-05)
(-2.70937e-05,-3.01318e-05)
(-0.000539964,-0.000187398)
(-0.000450447,0.000174069)
(3.97496e-06,2.96838e-05)
(2.78342e-05,1.3249e-05)
(-5.58955e-06,-4.17411e-05)
(-1.91581e-05,-2.13064e-05)
(8.74872e-05,-0.000156574)
(-7.79888e-05,-0.000123575)
(1.56674e-05,-1.52142e-05)
(-5.06036e-06,-1.10635e-05)
(0.000214299,-0.000383526)
(-0.000191033,-0.000302697)
(3.32356e-05,-3.22743e-05)
(-1.07347e-05,-2.34692e-05)
(2.65002e-06,1.8862e-05)
(1.77268e-05,8.3533e-06)
(-8.33976e-06,-5.936e-05)
(-2.7405e-05,-3.02759e-05)
(-0.000543331,-0.000183816)
(-0.0004513,0.000177256)
(4.19005e-06,2.98235e-05)
(2.80286e-05,1.32077e-05)
(-5.8971e-06,-4.19738e-05)
(-1.93782e-05,-2.14083e-05)
(8.73314e-05,-0.000157886)
(-7.85452e-05,-0.000124222)
(1.57939e-05,-1.5428e-05)
(-5.11167e-06,-1.11932e-05)
(0.000213917,-0.00038674)
(-0.000192396,-0.000304281)
(3.35039e-05,-3.27276e-05)
(-1.08435e-05,-2.37444e-05)
(-3.33849e-06,3.53086e-06)
(5.70978e-06,6.3119e-06)
(1.75334e-05,0.000148479)
(0.00014018,2.09726e-05)
(1.66924e-06,-1.76543e-06)
(-2.85489e-06,-3.15595e-06)
(-4.73496e-06,5.00779e-06)
(2.53441e-06,3.69152e-06)
(5.25815e-05,-1.83058e-05)
(-2.58069e-05,-8.11179e-05)
(2.05341e-06,-3.28754e-08)
(-1.74612e-08,-2.11509e-06)
(-3.96781e-06,4.59135e-06)
(6.42646e-06,6.88568e-06)
(2.79385e-05,0.000170518)
(0.000152263,2.5196e-05)
(1.9839e-06,-2.29567e-06)
(-3.21323e-06,-3.44284e-06)
(-5.57073e-06,6.44617e-06)
(2.88327e-06,4.36179e-06)
(6.65145e-05,-2.77866e-05)
(-3.27886e-05,-8.85971e-05)
(2.8438e-06,-2.71662e-07)
(-2.0221e-07,-2.45356e-06)
(-4.52364e-06,5.70727e-06)
(7.13821e-06,7.46444e-06)
(4.04021e-05,0.000189477)
(0.000163662,2.83221e-05)
(2.26182e-06,-2.85364e-06)
(-3.56911e-06,-3.73222e-06)
(-6.29851e-06,7.94654e-06)
(3.21972e-06,5.06744e-06)
(8.05018e-05,-3.87014e-05)
(-3.96221e-05,-9.63674e-05)
(3.72724e-06,-6.11124e-07)
(-4.04256e-07,-2.81438e-06)
(-5.00053e-06,6.87286e-06)
(7.85427e-06,8.04365e-06)
(5.46875e-05,0.000205724)
(0.000174652,3.03268e-05)
(2.50026e-06,-3.43643e-06)
(-3.92713e-06,-4.02182e-06)
(-6.9153e-06,9.50457e-06)
(3.55171e-06,5.80504e-06)
(9.44217e-05,-5.09301e-05)
(-4.63692e-05,-0.000104506)
(4.69931e-06,-1.05656e-06)
(-6.25596e-07,-3.20389e-06)
(-5.39098e-06,8.07523e-06)
(8.57723e-06,8.61499e-06)
(7.04679e-05,0.000219424)
(0.000185338,3.1216e-05)
(2.69549e-06,-4.03762e-06)
(-4.28861e-06,-4.30749e-06)
(-7.41462e-06,1.11065e-05)
(3.88485e-06,6.5668e-06)
(0.000108078,-6.42827e-05)
(-5.30196e-05,-0.000113)
(5.74934e-06,-1.60927e-06)
(-8.6621e-07,-3.62485e-06)
(-5.39442e-06,8.08738e-06)
(8.58449e-06,8.62063e-06)
(7.06319e-05,0.000219549)
(0.000185444,3.12194e-05)
(2.69721e-06,-4.04369e-06)
(-4.29224e-06,-4.31031e-06)
(-7.419e-06,1.11226e-05)
(3.8882e-06,6.5745e-06)
(0.000108212,-6.4421e-05)
(-5.30855e-05,-0.000113086)
(5.76018e-06,-1.61533e-06)
(-8.68708e-07,-3.62921e-06)
(-5.69316e-06,9.31584e-06)
(9.31697e-06,9.17715e-06)
(8.76132e-05,0.000230846)
(0.000195891,3.10248e-05)
(2.84658e-06,-4.65792e-06)
(-4.65849e-06,-4.58858e-06)
(-7.79653e-06,1.27576e-05)
(4.22849e-06,7.35437e-06)
(0.000121446,-7.87325e-05)
(-5.96281e-05,-0.000121913)
(6.87896e-06,-2.27604e-06)
(-1.12847e-06,-4.08436e-06)
(-5.96716e-06,1.11875e-05)
(1.04385e-05,9.97322e-06)
(0.000114736,0.000243676)
(0.000211191,2.88469e-05)
(2.98358e-06,-5.59373e-06)
(-5.21927e-06,-4.98661e-06)
(-8.13546e-06,1.52527e-05)
(4.76482e-06,8.54782e-06)
(0.000140265,-0.000101653)
(-6.92307e-05,-0.000135697)
(8.66583e-06,-3.46465e-06)
(-1.55249e-06,-4.83535e-06)
(-6.01197e-06,1.18152e-05)
(1.08194e-05,1.02262e-05)
(0.000124102,0.000246928)
(0.0002162,2.76481e-05)
(3.00598e-06,-5.9076e-06)
(-5.40972e-06,-5.11312e-06)
(-8.1882e-06,1.60921e-05)
(4.95317e-06,8.95018e-06)
(0.000146218,-0.000109615)
(-7.23746e-05,-0.000140418)
(9.28654e-06,-3.9125e-06)
(-1.70265e-06,-5.10487e-06)
(-6.03228e-06,1.30838e-05)
(1.16007e-05,1.07161e-05)
(0.000143366,0.000252037)
(0.000226176,2.45508e-05)
(3.01614e-06,-6.54192e-06)
(-5.80035e-06,-5.35805e-06)
(-8.20415e-06,1.77945e-05)
(5.35181e-06,9.76762e-06)
(0.000157706,-0.000126101)
(-7.86405e-05,-0.000150114)
(1.05731e-05,-4.89389e-06)
(-2.01869e-06,-5.67984e-06)
(-5.96137e-06,1.43359e-05)
(1.23908e-05,1.11711e-05)
(0.000162751,0.000255275)
(0.000235862,2.06392e-05)
(2.98069e-06,-7.16793e-06)
(-6.19539e-06,-5.58556e-06)
(-8.10243e-06,1.94847e-05)
(5.77407e-06,1.05813e-05)
(0.000168329,-0.000142871)
(-8.47397e-05,-0.000159893)
(1.18846e-05,-5.96442e-06)
(-2.34757e-06,-6.29074e-06)
(-5.80217e-06,1.55784e-05)
(1.3198e-05,1.15943e-05)
(0.0001823,0.000256818)
(0.000245344,1.59385e-05)
(2.90109e-06,-7.78921e-06)
(-6.59902e-06,-5.79714e-06)
(-7.88631e-06,2.11742e-05)
(6.22748e-06,1.13971e-05)
(0.000178164,-0.000159999)
(-9.07456e-05,-0.000169808)
(1.32277e-05,-7.13029e-06)
(-2.69124e-06,-6.94441e-06)
(-5.55736e-06,1.68068e-05)
(1.40229e-05,1.19841e-05)
(0.000201886,0.000256771)
(0.000254606,1.04955e-05)
(2.77868e-06,-8.40338e-06)
(-7.01144e-06,-5.99203e-06)
(-7.55845e-06,2.28585e-05)
(6.71529e-06,1.22133e-05)
(0.000187184,-0.00017741)
(-9.66724e-05,-0.000179822)
(1.45969e-05,-8.3885e-06)
(-3.04857e-06,-7.64205e-06)
(-5.22993e-06,1.80165e-05)
(1.48652e-05,1.23392e-05)
(0.0002214,0.000255234)
(0.000263628,4.35438e-06)
(2.61496e-06,-9.00823e-06)
(-7.43261e-06,-6.16959e-06)
(-7.12168e-06,2.45333e-05)
(7.2402e-06,1.30282e-05)
(0.000195368,-0.000195034)
(-0.000102536,-0.000189899)
(1.59869e-05,-9.73577e-06)
(-3.41831e-06,-8.38455e-06)
(-5.03213e-06,1.8625e-05)
(1.53015e-05,1.25066e-05)
(0.000231294,0.000253907)
(0.000268132,9.66447e-07)
(2.51606e-06,-9.31248e-06)
(-7.65077e-06,-6.25331e-06)
(-6.85789e-06,2.53825e-05)
(7.52298e-06,1.34427e-05)
(0.000199217,-0.000204086)
(-0.000105508,-0.000195051)
(1.67024e-05,-1.04562e-05)
(-3.61128e-06,-8.78078e-06)
(-4.81857e-06,1.92154e-05)
(1.57336e-05,1.26617e-05)
(0.000240941,0.000252263)
(0.00027248,-2.51612e-06)
(2.40929e-06,-9.60768e-06)
(-7.8668e-06,-6.33083e-06)
(-6.57285e-06,2.6211e-05)
(7.81044e-06,1.38481e-05)
(0.000202774,-0.000212992)
(-0.000108413,-0.000200104)
(1.74072e-05,-1.11838e-05)
(-3.80313e-06,-9.18083e-06)
(-4.58594e-06,1.97993e-05)
(1.617e-05,1.28076e-05)
(0.000250528,0.000250292)
(0.000276759,-6.15419e-06)
(2.29297e-06,-9.89966e-06)
(-8.08498e-06,-6.40381e-06)
(-6.26197e-06,2.70354e-05)
(8.10832e-06,1.42524e-05)
(0.000206119,-0.000221926)
(-0.000111311,-0.000205158)
(1.81149e-05,-1.19321e-05)
(-3.99749e-06,-9.59249e-06)
(-4.33471e-06,2.03763e-05)
(1.66104e-05,1.29443e-05)
(0.000260043,0.000248003)
(0.000280967,-9.94252e-06)
(2.16736e-06,-1.01881e-05)
(-8.30521e-06,-6.47217e-06)
(-5.92565e-06,2.78548e-05)
(8.41677e-06,1.46552e-05)
(0.000209249,-0.000230879)
(-0.000114206,-0.000210207)
(1.8825e-05,-1.27008e-05)
(-4.19419e-06,-1.00157e-05)
(-4.05968e-06,2.09573e-05)
(1.70639e-05,1.30743e-05)
(0.000269668,0.000245351)
(0.000285183,-1.39577e-05)
(2.02984e-06,-1.04786e-05)
(-8.53195e-06,-6.53714e-06)
(-5.5567e-06,2.86853e-05)
(8.74254e-06,1.50646e-05)
(0.000212222,-0.000240027)
(-0.000117157,-0.00021535)
(1.95512e-05,-1.35054e-05)
(-4.3971e-06,-1.04595e-05)
(-3.77797e-06,2.1508e-05)
(1.75036e-05,1.319e-05)
(0.000278832,0.000242511)
(0.00028916,-1.79551e-05)
(1.88898e-06,-1.0754e-05)
(-8.75178e-06,-6.59498e-06)
(-5.17789e-06,2.94778e-05)
(9.06633e-06,1.54562e-05)
(0.00021487,-0.000248827)
(-0.000119994,-0.00022028)
(2.02502e-05,-1.42977e-05)
(-4.59408e-06,-1.08973e-05)
(-3.15176e-06,2.26077e-05)
(1.84122e-05,1.3398e-05)
(0.000297247,0.000235864)
(0.00029704,-2.65201e-05)
(1.57588e-06,-1.13038e-05)
(-9.2061e-06,-6.69898e-06)
(-4.3324e-06,3.10764e-05)
(9.76047e-06,1.62491e-05)
(0.000219638,-0.000266794)
(-0.000125796,-0.000230297)
(2.16787e-05,-1.59715e-05)
(-5.00162e-06,-1.18258e-05)
(-3.14517e-06,2.26185e-05)
(1.84213e-05,1.33998e-05)
(0.000297428,0.000235792)
(0.000297117,-2.66082e-05)
(1.57258e-06,-1.13092e-05)
(-9.21067e-06,-6.69992e-06)
(-4.32348e-06,3.10923e-05)
(9.76762e-06,1.6257e-05)
(0.000219682,-0.000266973)
(-0.000125854,-0.000230397)
(2.1693e-05,-1.59886e-05)
(-5.00573e-06,-1.18353e-05)
(-2.45216e-06,2.36831e-05)
(1.93448e-05,1.35694e-05)
(0.000315414,0.00022805)
(0.000304665,-3.57001e-05)
(1.22608e-06,-1.18415e-05)
(-9.67238e-06,-6.78472e-06)
(-3.38196e-06,3.26631e-05)
(1.0508e-05,1.70402e-05)
(0.000223597,-0.000284925)
(-0.00013169,-0.000240335)
(2.3121e-05,-1.77372e-05)
(-5.41994e-06,-1.28111e-05)
(-1.68846e-06,2.47208e-05)
(2.02913e-05,1.37018e-05)
(0.000333105,0.000219199)
(0.000311939,-4.53827e-05)
(8.44231e-07,-1.23604e-05)
(-1.01457e-05,-6.85092e-06)
(-2.33717e-06,3.42186e-05)
(1.13032e-05,1.78197e-05)
(0.000226702,-0.000303008)
(-0.000137639,-0.000250273)
(2.45592e-05,-1.95756e-05)
(-5.84399e-06,-1.38442e-05)
(5.02144e-07,2.71591e-05)
(2.27356e-05,1.38605e-05)
(0.000375388,0.000192668)
(0.000328642,-7.18701e-05)
(-2.51072e-07,-1.35795e-05)
(-1.13678e-05,-6.93024e-06)
(7.02334e-07,3.79866e-05)
(1.35277e-05,1.97241e-05)
(0.000230831,-0.000348259)
(-0.000153021,-0.000274798)
(2.8148e-05,-2.45225e-05)
(-6.93415e-06,-1.66629e-05)
(1.4064e-06,2.79966e-05)
(2.36633e-05,1.38549e-05)
(0.000390196,0.000181396)
(0.000334223,-8.24198e-05)
(-7.03201e-07,-1.39983e-05)
(-1.18316e-05,-6.92746e-06)
(1.97549e-06,3.93251e-05)
(1.4437e-05,2.04056e-05)
(0.000231046,-0.000364908)
(-0.000158924,-0.000283692)
(2.94615e-05,-2.64711e-05)
(-7.34568e-06,-1.77887e-05)
(1.91006e-06,2.84296e-05)
(2.41646e-05,1.38374e-05)
(0.000397922,0.000175061)
(0.00033707,-8.82239e-05)
(-9.5503e-07,-1.42148e-05)
(-1.20823e-05,-6.9187e-06)
(2.68929e-06,4.00277e-05)
(1.49433e-05,2.07644e-05)
(0.000230873,-0.000373788)
(-0.000162138,-0.000288406)
(3.01599e-05,-2.75397e-05)
(-7.56754e-06,-1.84098e-05)
(2.11092e-06,2.85962e-05)
(2.43617e-05,1.38278e-05)
(0.000400908,0.000172524)
(0.000338158,-9.05258e-05)
(-1.05546e-06,-1.42981e-05)
(-1.21808e-05,-6.91389e-06)
(2.97489e-06,4.03002e-05)
(1.51453e-05,2.09036e-05)
(0.000230751,-0.000377259)
(-0.000163408,-0.000290242)
(3.04324e-05,-2.7963e-05)
(-7.65471e-06,-1.86565e-05)
(2.30348e-06,2.87528e-05)
(2.45493e-05,1.38172e-05)
(0.000403723,0.000170088)
(0.000339176,-9.2726e-05)
(-1.15174e-06,-1.43764e-05)
(-1.22746e-05,-6.90858e-06)
(3.24917e-06,4.05573e-05)
(1.5339e-05,2.10352e-05)
(0.000230607,-0.00038055)
(-0.00016462,-0.000291981)
(3.06905e-05,-2.83673e-05)
(-7.7376e-06,-1.88926e-05)
(2.51818e-06,2.89239e-05)
(2.47569e-05,1.38038e-05)
(0.000406806,0.000167365)
(0.000340284,-9.51721e-05)
(-1.25909e-06,-1.4462e-05)
(-1.23784e-05,-6.90191e-06)
(3.55558e-06,4.08396e-05)
(1.55552e-05,2.11796e-05)
(0.000230416,-0.00038418)
(-0.000165964,-0.000293895)
(3.09748e-05,-2.88165e-05)
(-7.8293e-06,-1.91553e-05)
(2.71418e-06,2.9077e-05)
(2.4945e-05,1.37902e-05)
(0.000409573,0.000164875)
(0.000341271,-9.73988e-05)
(-1.35709e-06,-1.45385e-05)
(-1.24725e-05,-6.89512e-06)
(3.83584e-06,4.10933e-05)
(1.57527e-05,2.13095e-05)
(0.000230214,-0.000387458)
(-0.000167187,-0.00029562)
(3.12312e-05,-2.92252e-05)
(-7.91235e-06,-1.93946e-05)
(2.72452e-06,2.9085e-05)
(2.49549e-05,1.37895e-05)
(0.000409718,0.000164744)
(0.000341323,-9.75161e-05)
(-1.36226e-06,-1.45425e-05)
(-1.24775e-05,-6.89475e-06)
(3.85064e-06,4.11066e-05)
(1.57631e-05,2.13163e-05)
(0.000230203,-0.00038763)
(-0.000167251,-0.00029571)
(3.12447e-05,-2.92467e-05)
(-7.91671e-06,-1.94072e-05)
(2.93264e-06,2.92442e-05)
(2.51532e-05,1.37736e-05)
(0.000412605,0.000162095)
(0.000342344,-9.98739e-05)
(-1.46632e-06,-1.46221e-05)
(-1.25766e-05,-6.88681e-06)
(4.14881e-06,4.13717e-05)
(1.59729e-05,2.14521e-05)
(0.00022996,-0.000391072)
(-0.000168543,-0.000297519)
(3.15137e-05,-2.96793e-05)
(-8.00421e-06,-1.9661e-05)
(3.14253e-06,2.94016e-05)
(2.53518e-05,1.37562e-05)
(0.000415466,0.000159418)
(0.000343349,-0.000102245)
(-1.57126e-06,-1.47008e-05)
(-1.26759e-05,-6.87809e-06)
(4.45007e-06,4.1635e-05)
(1.61847e-05,2.15871e-05)
(0.000229687,-0.000394507)
(-0.000169841,-0.00029932)
(3.17818e-05,-3.0114e-05)
(-8.09179e-06,-1.99164e-05)
(3.35414e-06,2.95571e-05)
(2.55507e-05,1.37372e-05)
(0.000418302,0.000156715)
(0.000344338,-0.00010463)
(-1.67707e-06,-1.47785e-05)
(-1.27753e-05,-6.86859e-06)
(4.7544e-06,4.18963e-05)
(1.63984e-05,2.17211e-05)
(0.000229385,-0.000397935)
(-0.000171144,-0.000301114)
(3.20489e-05,-3.05511e-05)
(-8.17944e-06,-2.01737e-05)
(3.56747e-06,2.97107e-05)
(2.57497e-05,1.37166e-05)
(0.000421113,0.000153986)
(0.000345309,-0.000107027)
(-1.78373e-06,-1.48553e-05)
(-1.28749e-05,-6.85831e-06)
(5.06179e-06,4.21558e-05)
(1.66141e-05,2.18542e-05)
(0.000229053,-0.000401355)
(-0.000172454,-0.000302901)
(3.23151e-05,-3.09904e-05)
(-8.26716e-06,-2.04326e-05)
(3.79331e-06,2.987e-05)
(2.59591e-05,1.36934e-05)
(0.000424036,0.000151091)
(0.000346311,-0.000109559)
(-1.89666e-06,-1.4935e-05)
(-1.29795e-05,-6.84668e-06)
(5.38788e-06,4.24262e-05)
(1.68428e-05,2.1993e-05)
(0.000228672,-0.000404938)
(-0.000173835,-0.000304769)
(3.25936e-05,-3.14541e-05)
(-8.35937e-06,-2.07064e-05)
(4.02093e-06,3.00272e-05)
(2.61686e-05,1.36684e-05)
(0.000426931,0.000148169)
(0.000347294,-0.000112105)
(-2.01047e-06,-1.50136e-05)
(-1.30843e-05,-6.83419e-06)
(5.7172e-06,4.26944e-05)
(1.70735e-05,2.21307e-05)
(0.00022826,-0.000408511)
(-0.000175223,-0.000306629)
(3.28709e-05,-3.19201e-05)
(-8.45162e-06,-2.09819e-05)
(4.23941e-06,3.01749e-05)
(2.63684e-05,1.3643e-05)
(0.000429662,0.00014536)
(0.000348213,-0.000114542)
(-2.11971e-06,-1.50874e-05)
(-1.31842e-05,-6.82149e-06)
(6.03393e-06,4.29478e-05)
(1.72952e-05,2.22609e-05)
(0.000227837,-0.000411906)
(-0.000176552,-0.000308392)
(3.3134e-05,-3.23662e-05)
(-8.53957e-06,-2.12462e-05)
(-4.78786e-07,3.19734e-07)
(2.41068e-06,3.63778e-06)
(1.55669e-06,-1.03956e-06)
(-2.24897e-06,-3.45846e-06)
(-3.38771e-07,-5.05256e-05)
(-0.000136747,-2.42838e-06)
(-7.57028e-07,5.05544e-07)
(3.81161e-06,5.75183e-06)
(1.10075e-06,-7.35082e-07)
(-1.59026e-06,-2.4455e-06)
(2.9047e-06,1.61074e-07)
(1.57552e-06,-2.81192e-05)
(7.78251e-08,4.44596e-08)
(4.33236e-07,-7.58233e-07)
(7.11504e-06,3.94548e-07)
(3.85923e-06,-6.88776e-05)
(1.65092e-07,9.43131e-08)
(9.19033e-07,-1.60846e-06)
(-8.0348e-07,6.06179e-07)
(2.83121e-06,3.82973e-06)
(2.58406e-06,-1.94953e-06)
(-2.7691e-06,-3.91805e-06)
(-1.4481e-06,-8.09473e-05)
(-0.000152466,-5.83532e-06)
(-1.27041e-06,9.58454e-07)
(4.47654e-06,6.05534e-06)
(1.82721e-06,-1.37852e-06)
(-1.95805e-06,-2.77048e-06)
(5.40692e-06,-3.07281e-07)
(-1.6737e-06,-3.04502e-05)
(1.73304e-07,6.54426e-08)
(3.46964e-07,-9.18028e-07)
(1.32442e-05,-7.52681e-07)
(-4.09972e-06,-7.45875e-05)
(3.67634e-07,1.38825e-07)
(7.36022e-07,-1.94743e-06)
(-1.19737e-06,1.0088e-06)
(3.28413e-06,4.06838e-06)
(3.81054e-06,-3.21043e-06)
(-3.34638e-06,-4.51407e-06)
(-4.33455e-06,-0.000114964)
(-0.000169571,-1.08423e-05)
(-1.8932e-06,1.59505e-06)
(5.19267e-06,6.43268e-06)
(2.69446e-06,-2.27012e-06)
(-2.36625e-06,-3.19193e-06)
(8.83138e-06,-1.37771e-06)
(-4.9665e-06,-3.28482e-05)
(3.28279e-07,7.54429e-08)
(2.49689e-07,-1.08229e-06)
(2.16324e-05,-3.37469e-06)
(-1.21654e-05,-8.04614e-05)
(6.96385e-07,1.60039e-07)
(5.2967e-07,-2.29588e-06)
(-1.73703e-06,1.65908e-06)
(3.87857e-06,4.42451e-06)
(5.4623e-06,-5.21719e-06)
(-4.10776e-06,-5.4445e-06)
(-1.18624e-05,-0.000157668)
(-0.00019105,-1.80767e-05)
(-2.74648e-06,2.62324e-06)
(6.13256e-06,6.99576e-06)
(3.86243e-06,-3.68911e-06)
(-2.90463e-06,-3.84984e-06)
(1.41853e-05,-3.75252e-06)
(-9.08286e-06,-3.59982e-05)
(6.14647e-07,5.26254e-08)
(1.1423e-07,-1.29686e-06)
(3.47469e-05,-9.19176e-06)
(-2.22484e-05,-8.81772e-05)
(1.30386e-06,1.11635e-07)
(2.42317e-07,-2.75106e-06)
(-2.08302e-06,2.14453e-06)
(4.26711e-06,4.67772e-06)
(6.50629e-06,-6.6984e-06)
(-4.59907e-06,-6.13197e-06)
(-1.93832e-05,-0.000183278)
(-0.000204267,-2.24433e-05)
(-3.29355e-06,3.3908e-06)
(6.74689e-06,7.39612e-06)
(4.60064e-06,-4.73648e-06)
(-3.25203e-06,-4.33596e-06)
(1.8059e-05,-5.89667e-06)
(-1.16925e-05,-3.81221e-05)
(8.51028e-07,8.16084e-09)
(1.9906e-08,-1.44089e-06)
(4.42354e-05,-1.44438e-05)
(-2.86406e-05,-9.33796e-05)
(1.8053e-06,1.73118e-08)
(4.22269e-08,-3.05659e-06)
(-2.08344e-06,2.14515e-06)
(4.26758e-06,4.67804e-06)
(6.50754e-06,-6.70029e-06)
(-4.59967e-06,-6.13285e-06)
(-1.93937e-05,-0.000183308)
(-0.000204283,-2.24483e-05)
(-3.29421e-06,3.39178e-06)
(6.74764e-06,7.39663e-06)
(4.60152e-06,-4.73782e-06)
(-3.25246e-06,-4.33658e-06)
(1.80639e-05,-5.89958e-06)
(-1.16956e-05,-3.81247e-05)
(8.51342e-07,8.08987e-09)
(1.9787e-08,-1.44107e-06)
(4.42474e-05,-1.4451e-05)
(-2.86484e-05,-9.33861e-05)
(1.80597e-06,1.71612e-08)
(4.19745e-08,-3.05697e-06)
(-2.65952e-06,3.11257e-06)
(4.96852e-06,5.15979e-06)
(8.22245e-06,-9.62317e-06)
(-5.4657e-06,-7.49742e-06)
(-3.80821e-05,-0.000223935)
(-0.000226604,-2.84795e-05)
(-4.20506e-06,4.92141e-06)
(7.85592e-06,8.15835e-06)
(5.81415e-06,-6.80461e-06)
(-3.86483e-06,-5.30148e-06)
(2.54962e-05,-1.08675e-05)
(-1.62903e-05,-4.21612e-05)
(1.36866e-06,-1.43621e-07)
(-1.6382e-07,-1.71498e-06)
(6.24527e-05,-2.66198e-05)
(-3.99028e-05,-0.000103273)
(2.90336e-06,-3.04666e-07)
(-3.47514e-07,-3.63803e-06)
(-2.80761e-06,3.40478e-06)
(5.16808e-06,5.29987e-06)
(8.65884e-06,-1.05006e-05)
(-5.70767e-06,-7.90856e-06)
(-4.45035e-05,-0.000234141)
(-0.000232653,-2.96583e-05)
(-4.43922e-06,5.38343e-06)
(8.17145e-06,8.37984e-06)
(6.12273e-06,-7.42501e-06)
(-4.03593e-06,-5.59219e-06)
(2.76686e-05,-1.25171e-05)
(-1.75743e-05,-4.33638e-05)
(1.53549e-06,-2.05073e-07)
(-2.19438e-07,-1.79705e-06)
(6.77739e-05,-3.06606e-05)
(-4.3048e-05,-0.000106219)
(3.25726e-06,-4.35025e-07)
(-4.65498e-07,-3.81213e-06)
(-2.9662e-06,3.7449e-06)
(5.39559e-06,5.45982e-06)
(9.12415e-06,-1.15195e-05)
(-5.98155e-06,-8.38647e-06)
(-5.23505e-05,-0.00024504)
(-0.000239406,-3.06894e-05)
(-4.68997e-06,5.92121e-06)
(8.53118e-06,8.63273e-06)
(6.45175e-06,-8.14549e-06)
(-4.22959e-06,-5.93013e-06)
(3.01554e-05,-1.4512e-05)
(-1.90248e-05,-4.4764e-05)
(1.73526e-06,-2.85413e-07)
(-2.84682e-07,-1.89308e-06)
(7.38654e-05,-3.5547e-05)
(-4.6601e-05,-0.000109649)
(3.68104e-06,-6.05452e-07)
(-6.03903e-07,-4.01583e-06)
(-3.11903e-06,4.10593e-06)
(5.63268e-06,5.62596e-06)
(9.57058e-06,-1.25988e-05)
(-6.26522e-06,-8.89297e-06)
(-6.10713e-05,-0.000255574)
(-0.000246293,-3.14061e-05)
(-4.93162e-06,6.49205e-06)
(8.90605e-06,8.89543e-06)
(6.76742e-06,-8.90872e-06)
(-4.43018e-06,-6.28828e-06)
(3.27463e-05,-1.67107e-05)
(-2.05205e-05,-4.62551e-05)
(1.95358e-06,-3.80901e-07)
(-3.54737e-07,-1.99606e-06)
(8.02118e-05,-4.09327e-05)
(-5.02647e-05,-0.000113301)
(4.14417e-06,-8.08014e-07)
(-7.5251e-07,-4.23428e-06)
(-3.24103e-06,4.42417e-06)
(5.83876e-06,5.76929e-06)
(9.9255e-06,-1.35488e-05)
(-6.51085e-06,-9.33874e-06)
(-6.90563e-05,-0.000264058)
(-0.000252163,-3.17347e-05)
(-5.12453e-06,6.99523e-06)
(9.2319e-06,9.12205e-06)
(7.01839e-06,-9.58045e-06)
(-4.60386e-06,-6.60349e-06)
(3.49886e-05,-1.87131e-05)
(-2.18067e-05,-4.75765e-05)
(2.15113e-06,-4.73677e-07)
(-4.17311e-07,-2.08805e-06)
(8.57041e-05,-4.58375e-05)
(-5.34152e-05,-0.000116538)
(4.56324e-06,-1.00482e-06)
(-8.8525e-07,-4.42943e-06)
(-3.46555e-06,5.11091e-06)
(6.27715e-06,6.06856e-06)
(1.0575e-05,-1.55957e-05)
(-7.03256e-06,-1.02984e-05)
(-8.71084e-05,-0.000280088)
(-0.000264315,-3.15477e-05)
(-5.47952e-06,8.08106e-06)
(9.92505e-06,9.59523e-06)
(7.47763e-06,-1.10278e-05)
(-4.97277e-06,-7.28209e-06)
(3.96946e-05,-2.32216e-05)
(-2.44966e-05,-5.04588e-05)
(2.5929e-06,-7.01013e-07)
(-5.5544e-07,-2.29164e-06)
(9.72315e-05,-5.68812e-05)
(-6.00041e-05,-0.000123598)
(5.50037e-06,-1.48707e-06)
(-1.17827e-06,-4.86131e-06)
(-3.55986e-06,5.45882e-06)
(6.49721e-06,6.2149e-06)
(1.08461e-05,-1.66318e-05)
(-7.29513e-06,-1.07835e-05)
(-9.66253e-05,-0.000287137)
(-0.000270252,-3.10179e-05)
(-5.62864e-06,8.63116e-06)
(1.0273e-05,9.82661e-06)
(7.66935e-06,-1.17605e-05)
(-5.15844e-06,-7.62509e-06)
(4.20095e-05,-2.55961e-05)
(-2.58216e-05,-5.19382e-05)
(2.82442e-06,-8.30221e-07)
(-6.2723e-07,-2.39794e-06)
(0.000102902,-6.26973e-05)
(-6.32497e-05,-0.000127222)
(5.9915e-06,-1.76116e-06)
(-1.33056e-06,-5.08681e-06)
(-3.60793e-06,5.65703e-06)
(6.62226e-06,6.29667e-06)
(1.09838e-05,-1.7222e-05)
(-7.44485e-06,-1.10596e-05)
(-0.000102146,-0.000290857)
(-0.000273579,-3.05929e-05)
(-5.70463e-06,8.94455e-06)
(1.04707e-05,9.95591e-06)
(7.76673e-06,-1.21778e-05)
(-5.2643e-06,-7.82029e-06)
(4.33074e-05,-2.69742e-05)
(-2.65667e-05,-5.27874e-05)
(2.95856e-06,-9.08034e-07)
(-6.6872e-07,-2.45959e-06)
(0.000106081,-6.60731e-05)
(-6.50748e-05,-0.000129302)
(6.27605e-06,-1.92623e-06)
(-1.41857e-06,-5.21757e-06)
(-3.77366e-06,6.54088e-06)
(7.17955e-06,6.64711e-06)
(1.1455e-05,-1.9855e-05)
(-8.11931e-06,-1.22882e-05)
(-0.000127519,-0.000305032)
(-0.000288002,-2.76742e-05)
(-5.96668e-06,1.0342e-05)
(1.13519e-05,1.051e-05)
(8.09994e-06,-1.40396e-05)
(-5.74122e-06,-8.6891e-06)
(4.89098e-05,-3.33303e-05)
(-2.98155e-05,-5.66348e-05)
(3.57588e-06,-1.29215e-06)
(-8.59321e-07,-2.74518e-06)
(0.000119804,-8.16421e-05)
(-7.30327e-05,-0.000138726)
(7.58558e-06,-2.74106e-06)
(-1.82289e-06,-5.8234e-06)
(-3.85991e-06,7.3811e-06)
(7.71318e-06,6.95849e-06)
(1.16946e-05,-2.2363e-05)
(-8.78147e-06,-1.34541e-05)
(-0.000152603,-0.00031519)
(-0.000301206,-2.3453e-05)
(-6.10305e-06,1.16705e-05)
(1.21956e-05,1.10023e-05)
(8.26935e-06,-1.58131e-05)
(-6.20944e-06,-9.51346e-06)
(5.39522e-05,-3.96696e-05)
(-3.28139e-05,-6.03897e-05)
(4.19083e-06,-1.71388e-06)
(-1.04965e-06,-3.0352e-06)
(0.000132155,-9.71702e-05)
(-8.03773e-05,-0.000147924)
(8.89009e-06,-3.6357e-06)
(-2.22665e-06,-6.43864e-06)
(-3.88023e-06,7.99445e-06)
(8.10785e-06,7.17219e-06)
(1.17455e-05,-2.41992e-05)
(-9.28497e-06,-1.43048e-05)
(-0.000171395,-0.000320754)
(-0.000310596,-1.95401e-05)
(-6.13518e-06,1.26403e-05)
(1.28196e-05,1.13402e-05)
(8.30529e-06,-1.71114e-05)
(-6.56546e-06,-1.0115e-05)
(5.74561e-05,-4.44679e-05)
(-3.49611e-05,-6.31932e-05)
(4.65659e-06,-2.05712e-06)
(-1.19466e-06,-3.26001e-06)
(0.000140738,-0.000108924)
(-8.56368e-05,-0.000154791)
(9.87811e-06,-4.36381e-06)
(-2.53427e-06,-6.91552e-06)
(-7.06302e-07,4.71669e-07)
(2.90462e-06,4.3907e-06)
(2.61136e-07,3.89468e-05)
(8.52762e-05,2.00687e-06)
(3.53151e-07,-2.35835e-07)
(-1.45231e-06,-2.19535e-06)
(-1.0663e-06,7.12075e-07)
(1.09429e-06,1.7008e-06)
(7.95113e-06,4.40911e-07)
(3.02755e-06,-5.37954e-05)
(1.71567e-07,9.80121e-08)
(5.369e-07,-9.39534e-07)
(-1.19246e-06,8.99644e-07)
(3.47579e-06,4.72139e-06)
(1.1164e-06,6.24058e-05)
(9.71371e-05,4.86374e-06)
(5.96231e-07,-4.49822e-07)
(-1.73789e-06,-2.36069e-06)
(-1.77104e-06,1.33615e-06)
(1.38532e-06,2.00596e-06)
(1.47358e-05,-8.3745e-07)
(-3.22273e-06,-5.94319e-05)
(3.8038e-07,1.43638e-07)
(4.43964e-07,-1.17395e-06)
(-1.78772e-06,1.50618e-06)
(4.1044e-06,5.12597e-06)
(3.34288e-06,8.86621e-05)
(0.00011009,9.14168e-06)
(8.93859e-07,-7.53088e-07)
(-2.0522e-06,-2.56299e-06)
(-2.61407e-06,2.20239e-06)
(1.71319e-06,2.40536e-06)
(2.3966e-05,-3.73873e-06)
(-9.77842e-06,-6.54278e-05)
(7.17437e-07,1.64876e-07)
(3.30376e-07,-1.42842e-06)
(-2.61199e-06,2.49478e-06)
(4.94515e-06,5.7244e-06)
(9.15506e-06,0.000121683)
(0.00012643,1.55323e-05)
(1.30599e-06,-1.24739e-06)
(-2.47257e-06,-2.8622e-06)
(-3.75324e-06,3.58482e-06)
(2.14927e-06,3.03613e-06)
(3.83041e-05,-1.01328e-05)
(-1.8255e-05,-7.34984e-05)
(1.33653e-06,1.14433e-07)
(1.59169e-07,-1.77793e-06)
(-3.1456e-06,3.23848e-06)
(5.50205e-06,6.14913e-06)
(1.49681e-05,0.000141531)
(0.000136541,1.95731e-05)
(1.5728e-06,-1.61924e-06)
(-2.75103e-06,-3.07457e-06)
(-4.47615e-06,4.60832e-06)
(2.4311e-06,3.50671e-06)
(4.86226e-05,-1.58763e-05)
(-2.37663e-05,-7.90136e-05)
(1.84507e-06,1.76931e-08)
(3.25832e-08,-2.02124e-06)
(-3.14624e-06,3.23944e-06)
(5.50274e-06,6.14967e-06)
(1.49763e-05,0.000141555)
(0.000136553,1.95778e-05)
(1.57312e-06,-1.61972e-06)
(-2.75137e-06,-3.07483e-06)
(-4.47702e-06,4.60963e-06)
(2.43144e-06,3.50732e-06)
(4.86356e-05,-1.58841e-05)
(-2.37731e-05,-7.90205e-05)
(1.84575e-06,1.75392e-08)
(3.24202e-08,-2.02155e-06)
(-4.04418e-06,4.73311e-06)
(6.51884e-06,6.96057e-06)
(2.94443e-05,0.000173142)
(0.000153773,2.56645e-05)
(2.02209e-06,-2.36656e-06)
(-3.25942e-06,-3.48029e-06)
(-5.67129e-06,6.63741e-06)
(2.92744e-06,4.45141e-06)
(6.83286e-05,-2.91244e-05)
(-3.36817e-05,-8.95866e-05)
(2.95325e-06,-3.09901e-07)
(-2.27396e-07,-2.49896e-06)
(-4.27716e-06,5.1869e-06)
(6.81042e-06,7.19759e-06)
(3.44224e-05,0.000181102)
(0.000158477,2.70216e-05)
(2.13858e-06,-2.59345e-06)
(-3.40521e-06,-3.5988e-06)
(-5.97696e-06,7.24824e-06)
(3.06582e-06,4.73833e-06)
(7.40621e-05,-3.35053e-05)
(-3.64889e-05,-9.27472e-05)
(3.30917e-06,-4.41959e-07)
(-3.08929e-07,-2.64502e-06)
(-4.5278e-06,5.71646e-06)
(7.14395e-06,7.46911e-06)
(4.05101e-05,0.000189618)
(0.000163752,2.83428e-05)
(2.2639e-06,-2.85823e-06)
(-3.57198e-06,-3.73455e-06)
(-6.30393e-06,7.95886e-06)
(3.2224e-06,5.07326e-06)
(8.06143e-05,-3.87948e-05)
(-3.96767e-05,-9.64314e-05)
(3.73472e-06,-6.14281e-07)
(-4.05959e-07,-2.81739e-06)
(-4.77062e-06,6.2801e-06)
(7.49271e-06,7.75225e-06)
(4.72813e-05,0.000197865)
(0.000169157,2.94575e-05)
(2.38531e-06,-3.14005e-06)
(-3.74635e-06,-3.87613e-06)
(-6.61884e-06,8.71312e-06)
(3.38463e-06,5.42986e-06)
(8.74285e-05,-4.46154e-05)
(-4.29803e-05,-0.000100359)
(4.19904e-06,-8.18712e-07)
(-5.11633e-07,-3.00382e-06)
(-4.9655e-06,6.77815e-06)
(7.79681e-06,7.99754e-06)
(5.34861e-05,0.000204521)
(0.000173785,3.02079e-05)
(2.48275e-06,-3.38908e-06)
(-3.89841e-06,-3.99877e-06)
(-6.87025e-06,9.37822e-06)
(3.5252e-06,5.74509e-06)
(9.33162e-05,-4.99087e-05)
(-4.58331e-05,-0.000103842)
(4.61859e-06,-1.01701e-06)
(-6.07188e-07,-3.17162e-06)
(-5.32729e-06,7.85656e-06)
(8.44645e-06,8.51303e-06)
(6.75307e-05,0.000217138)
(0.000183434,3.11367e-05)
(2.66365e-06,-3.92828e-06)
(-4.22322e-06,-4.25652e-06)
(-7.33357e-06,1.08154e-05)
(3.82453e-06,6.42818e-06)
(0.000105646,-6.18039e-05)
(-5.183e-05,-0.000111446)
(5.55501e-06,-1.50185e-06)
(-8.21481e-07,-3.54663e-06)
(-5.48094e-06,8.40468e-06)
(8.77392e-06,8.76697e-06)
(7.49441e-05,0.000222708)
(0.000188181,3.12698e-05)
(2.74047e-06,-4.20234e-06)
(-4.38696e-06,-4.38348e-06)
(-7.52882e-06,1.1545e-05)
(3.97575e-06,6.77575e-06)
(0.000111698,-6.8057e-05)
(-5.47971e-05,-0.000115351)
(6.04488e-06,-1.77686e-06)
(-9.34436e-07,-3.7442e-06)
(-5.56106e-06,8.71945e-06)
(8.95415e-06,8.9062e-06)
(7.92471e-05,0.000225654)
(0.000190851,3.12497e-05)
(2.78053e-06,-4.35972e-06)
(-4.47708e-06,-4.4531e-06)
(-7.62859e-06,1.19612e-05)
(4.0622e-06,6.97424e-06)
(0.000115088,-7.16833e-05)
(-5.64689e-05,-0.000117593)
(6.32845e-06,-1.94232e-06)
(-1.00015e-06,-3.85925e-06)
(-5.83649e-06,1.01164e-05)
(9.79485e-06,9.52529e-06)
(9.90519e-05,0.000236937)
(0.000202512,3.03578e-05)
(2.91825e-06,-5.05819e-06)
(-4.89742e-06,-4.76264e-06)
(-7.97541e-06,1.38238e-05)
(4.45413e-06,7.86387e-06)
(0.000129692,-8.83804e-05)
(-6.37824e-05,-0.000127757)
(7.63139e-06,-2.75761e-06)
(-1.30557e-06,-4.39645e-06)
(-5.98889e-06,1.14522e-05)
(1.05988e-05,1.00808e-05)
(0.000118672,0.000245108)
(0.00021331,2.83688e-05)
(2.99445e-06,-5.72612e-06)
(-5.29941e-06,-5.0404e-06)
(-8.16137e-06,1.56066e-05)
(4.84363e-06,8.71739e-06)
(0.000142798,-0.000104995)
(-7.05608e-05,-0.000137682)
(8.92636e-06,-3.65053e-06)
(-1.61534e-06,-4.94788e-06)
(-6.03349e-06,1.24308e-05)
(1.11964e-05,1.04676e-05)
(0.000133398,0.000249645)
(0.000221064,2.6256e-05)
(3.01674e-06,-6.21541e-06)
(-5.59822e-06,-5.23378e-06)
(-8.21098e-06,1.69171e-05)
(5.14334e-06,9.34608e-06)
(0.000151884,-0.00011755)
(-7.54284e-05,-0.000145097)
(9.9055e-06,-4.3759e-06)
(-1.85388e-06,-5.37864e-06)
(-3.87964e-06,8.15949e-06)
(8.21503e-06,7.22771e-06)
(1.17415e-05,-2.46943e-05)
(-9.42401e-06,-1.45337e-05)
(-0.000176512,-0.000321999)
(-0.00031309,-1.83717e-05)
(-6.13424e-06,1.29013e-05)
(1.29891e-05,1.1428e-05)
(8.30251e-06,-1.74615e-05)
(-6.66378e-06,-1.02769e-05)
(5.83731e-05,-4.57829e-05)
(-3.55341e-05,-6.39567e-05)
(4.78431e-06,-2.15465e-06)
(-1.2346e-06,-3.32255e-06)
(0.000142984,-0.000112145)
(-8.70404e-05,-0.000156661)
(1.01491e-05,-4.57071e-06)
(-2.61898e-06,-7.04819e-06)
(-3.56822e-06,1.06193e-05)
(9.88363e-06,7.95188e-06)
(1.08007e-05,-3.21438e-05)
(-1.17407e-05,-1.79622e-05)
(-0.000255201,-0.000328842)
(-0.000348956,4.64259e-06)
(-5.64184e-06,1.67906e-05)
(1.56274e-05,1.2573e-05)
(7.63723e-06,-2.27291e-05)
(-8.30195e-06,-1.27012e-05)
(7.06959e-05,-6.65445e-05)
(-4.39522e-05,-7.581e-05)
(6.8096e-06,-3.8823e-06)
(-1.87997e-06,-4.37641e-06)
(0.000173169,-0.000163)
(-0.00010766,-0.000185696)
(1.44453e-05,-8.23561e-06)
(-3.98801e-06,-9.28377e-06)
(-2.7143e-06,1.29881e-05)
(1.16742e-05,8.44909e-06)
(8.25536e-06,-3.95024e-05)
(-1.45937e-05,-2.1327e-05)
(-0.000334235,-0.000315822)
(-0.000381475,3.68488e-05)
(-4.29168e-06,2.0536e-05)
(1.84585e-05,1.33592e-05)
(5.83742e-06,-2.79324e-05)
(-1.03193e-05,-1.50804e-05)
(7.9985e-05,-8.86839e-05)
(-5.21844e-05,-8.81125e-05)
(8.98822e-06,-6.09267e-06)
(-2.6037e-06,-5.66833e-06)
(0.000195922,-0.00021723)
(-0.000127825,-0.000215831)
(1.90669e-05,-1.29245e-05)
(-5.52328e-06,-1.20243e-05)
(-1.85058e-06,1.45012e-05)
(1.29556e-05,8.64399e-06)
(5.65887e-06,-4.4343e-05)
(-1.68896e-05,-2.3532e-05)
(-0.000386095,-0.000297217)
(-0.000401209,6.32066e-05)
(-2.92602e-06,2.29283e-05)
(2.04846e-05,1.36673e-05)
(4.00143e-06,-3.13552e-05)
(-1.19428e-05,-1.66396e-05)
(8.43868e-05,-0.000104124)
(-5.7784e-05,-9.64943e-05)
(1.05153e-05,-7.85209e-06)
(-3.13086e-06,-6.69092e-06)
(0.000206705,-0.00025505)
(-0.000141541,-0.000236362)
(2.23063e-05,-1.66568e-05)
(-6.64156e-06,-1.41936e-05)
(-9.63442e-07,1.56938e-05)
(1.40682e-05,8.71389e-06)
(2.96282e-06,-4.82623e-05)
(-1.90607e-05,-2.53115e-05)
(-0.000427764,-0.000276234)
(-0.000416094,8.78057e-05)
(-1.52334e-06,2.48141e-05)
(2.22437e-05,1.37779e-05)
(2.09503e-06,-3.41266e-05)
(-1.3478e-05,-1.7898e-05)
(8.68541e-05,-0.000117191)
(-6.25622e-05,-0.000103452)
(1.18086e-05,-9.48181e-06)
(-3.59122e-06,-7.6434e-06)
(0.000212748,-0.000287059)
(-0.000153245,-0.000253405)
(2.50498e-05,-2.0114e-05)
(-7.61813e-06,-1.62141e-05)
(-6.03597e-06,1.26946e-05)
(1.13592e-05,1.05689e-05)
(0.000137412,0.000250671)
(0.000223134,2.55952e-05)
(3.01798e-06,-6.3473e-06)
(-5.67958e-06,-5.28444e-06)
(-8.21205e-06,1.72712e-05)
(5.22667e-06,9.51614e-06)
(0.000154259,-0.000120987)
(-7.6729e-05,-0.000147117)
(1.01738e-05,-4.58185e-06)
(-1.91991e-06,-5.49894e-06)
(-5.59393e-06,1.6648e-05)
(1.39146e-05,1.19353e-05)
(0.000199342,0.000256864)
(0.000253415,1.12436e-05)
(2.79696e-06,-8.32401e-06)
(-6.95732e-06,-5.96766e-06)
(-7.6073e-06,2.264e-05)
(6.64982e-06,1.21072e-05)
(0.000186058,-0.000175132)
(-9.59057e-05,-0.000178516)
(1.44176e-05,-8.2198e-06)
(-3.00138e-06,-7.54882e-06)
(-4.28225e-06,2.04908e-05)
(1.6699e-05,1.29706e-05)
(0.000261937,0.000247508)
(0.0002818,-1.07182e-05)
(2.14112e-06,-1.02454e-05)
(-8.34951e-06,-6.4853e-06)
(-5.85534e-06,2.80182e-05)
(8.47977e-06,1.47357e-05)
(0.00020985,-0.000232672)
(-0.000114785,-0.000211217)
(1.89673e-05,-1.2857e-05)
(-4.23381e-06,-1.01018e-05)
(-2.93045e-06,2.2963e-05)
(1.87153e-05,1.34583e-05)
(0.000303232,0.00023343)
(0.000299569,-2.94623e-05)
(1.46522e-06,-1.14815e-05)
(-9.35764e-06,-6.72913e-06)
(-4.03242e-06,3.1598e-05)
(9.9995e-06,1.65087e-05)
(0.000221026,-0.000272721)
(-0.000127717,-0.000233586)
(2.21502e-05,-1.65402e-05)
(-5.1376e-06,-1.21424e-05)
(-1.52994e-06,2.49216e-05)
(2.04803e-05,1.37234e-05)
(0.000336547,0.000217329)
(0.000313336,-4.73569e-05)
(7.64968e-07,-1.24608e-05)
(-1.02401e-05,-6.86169e-06)
(-2.11934e-06,3.45226e-05)
(1.14664e-05,1.79726e-05)
(0.000227217,-0.000306581)
(-0.000138825,-0.000252227)
(2.48432e-05,-1.9948e-05)
(-5.92856e-06,-1.40544e-05)
